flarenumber	peaktime	starttime	endtime	energy	peakflux	count	duration	edecay	flag
1	2460988.704	2460988.704	2460988.704	1.244608983e+32	0.0005367136132	0.0005367136132	0.002314788755	0	3
2	2460988.741	2460988.741	2460988.741	2.064138547e+32	0.0008901199273	0.0008901199273	0.002314788755	0	3
3	2460988.831	2460988.831	2460988.831	1.409946201e+32	0.0006080120988	0.0006080120988	0.002314788755	0	3
4	2460988.912	2460988.912	2460988.917	7.021219506e+32	0.001943797456	0.003027765459	0.006944384426	0	1
5	2460988.963	2460988.958	2460988.965	1.443247353e+33	0.001850188593	0.006223725781	0.009259183891	0.002314798534	0
6	2460989.053	2460989.051	2460989.053	2.571416644e+32	0.0006250130952	0.00110887382	0.004629587289	0	2
7	2460989.146	2460989.146	2460989.148	5.497820862e+32	0.001672466952	0.002370829184	0.00462958822	0.002314799465	1
8	2460989.377	2460989.375	2460989.38	1.213928931e+33	0.002615885737	0.005234834325	0.006944390945	0.002314800862	0
9	2460989.387	2460989.387	2460989.387	1.812826802e+32	0.0007817465856	0.0007817465856	0.002314788755	0	3
10	2460989.676	2460989.676	2460989.676	1.5851706e+32	0.0006835742404	0.0006835742404	0.002314788755	0	3
11	2460989.833	2460989.833	2460989.836	2.73511578e+32	0.0006182195571	0.001179465915	0.004629592411	0.002314803656	2
12	2460989.861	2460989.856	2460989.868	3.066601551e+33	0.003814784262	0.01322412758	0.01388880704	0.004629607312	0
13	2460989.898	2460989.896	2460989.898	4.018106107e+32	0.001178440182	0.001732730742	0.004629592411	0	2
14	2460989.917	2460989.917	2460989.917	9.671439035e+31	0.0004170621503	0.0004170621503	0.002314788755	0	3
15	2460989.968	2460989.968	2460989.97	7.503784211e+32	0.002652446524	0.003235862179	0.004629592877	0	1
16	2460989.988	2460989.988	2460989.988	1.574463707e+32	0.0006789570994	0.0006789570994	0.002314788755	0	3
17	2460990.507	2460990.507	2460990.507	3.005382818e+32	0.001296013361	0.001296013361	0.002314788755	0	1
18	2460990.516	2460990.516	2460990.516	1.026035798e+32	0.0004424581435	0.0004424581435	0.002314788755	0	3
19	2460990.553	2460990.549	2460990.581	2.909760088e+34	0.02992117649	0.1254777903	0.03472207114	0.004629611969	0
20	2460990.896	2460990.896	2460990.896	1.31685763e+32	0.0005678694483	0.0005678694483	0.002314788755	0	3
21	2460990.993	2460990.993	2460990.993	1.232563936e+32	0.0005315194188	0.0005315194188	0.002314788755	0	3
22	2460991.016	2460991.016	2460991.016	1.390008568e+32	0.000599414379	0.000599414379	0.002314788755	0	3
23	2460991.072	2460991.072	2460991.072	1.179718844e+32	0.0005087309926	0.0005087309926	0.002314788755	0	3
24	2460991.093	2460991.093	2460991.093	1.04063681e+32	0.0004487545483	0.0004487545483	0.002314788755	0	3
25	2460991.1	2460991.1	2460991.1	1.288772579e+32	0.000555758312	0.000555758312	0.002314788755	0	3
26	2460991.116	2460991.116	2460991.116	2.754326138e+32	0.001187750011	0.001187750011	0.002314788755	0	3
27	2460991.134	2460991.134	2460991.134	1.782570901e+32	0.0007686993117	0.0007686993117	0.002314788755	0	3
28	2460991.148	2460991.148	2460991.148	1.0882024e+32	0.0004692662915	0.0004692662915	0.002314788755	0	3
29	2460991.171	2460991.171	2460991.171	1.242895719e+32	0.0005359748011	0.0005359748011	0.002314788755	0	3
30	2460991.187	2460991.187	2460991.187	1.56184083e+32	0.0006735137271	0.0006735137271	0.002314788755	0	3
31	2460991.213	2460991.213	2460991.213	1.847956462e+32	0.0007968955735	0.0007968955735	0.002314788755	0	3
32	2460991.227	2460991.225	2460991.234	2.639180493e+33	0.00603850134	0.01138095673	0.01157401549	0.002314806916	0
33	2460991.241	2460991.241	2460991.241	1.915777474e+32	0.0008261420766	0.0008261420766	0.002314788755	0	3
34	2460991.255	2460991.255	2460991.255	1.226419734e+32	0.0005288698505	0.0005288698505	0.002314788755	0	3
35	2460991.269	2460991.269	2460991.269	1.408690315e+32	0.0006074705223	0.0006074705223	0.002314788755	0	3
36	2460991.306	2460991.306	2460991.306	1.736451258e+32	0.0007488111055	0.0007488111055	0.002314788755	0	3
37	2460991.322	2460991.322	2460991.322	1.451808783e+32	0.0006260645296	0.0006260645296	0.002314788755	0	3
38	2460991.356	2460991.356	2460991.356	1.611684168e+32	0.0006950077049	0.0006950077049	0.002314788755	0	3
39	2460991.363	2460991.363	2460991.363	1.515503973e+32	0.0006535318516	0.0006535318516	0.002314788755	0	3
40	2460991.396	2460991.394	2460991.396	2.27703718e+32	0.0004991091342	0.0009819283555	0.004629595671	0	2
41	2460991.4	2460991.4	2460991.4	1.889430793e+32	0.0008147805787	0.0008147805787	0.002314788755	0	3
42	2460991.424	2460991.424	2460991.424	1.066593297e+32	0.0004599477828	0.0004599477828	0.002314788755	0	3
43	2460991.444	2460991.444	2460991.444	1.205780814e+32	0.0005199697141	0.0005199697141	0.002314788755	0	3
44	2460991.465	2460991.465	2460991.465	9.978748183e+31	0.0004303142645	0.0004303142645	0.002314788755	0	3
45	2460991.481	2460991.481	2460991.484	3.007941198e+32	0.0008459470763	0.001297116613	0.004629595205	0.00231480645	2
46	2460991.528	2460991.528	2460991.528	1.546989676e+32	0.0006671094533	0.0006671094533	0.002314788755	0	3
47	2460991.542	2460991.542	2460991.542	2.505358767e+32	0.001080387635	0.001080387635	0.002314788755	0	3
48	2460991.546	2460991.546	2460991.546	1.768862047e+32	0.0007627876331	0.0007627876331	0.002314788755	0	3
49	2460991.551	2460991.551	2460991.551	9.367315626e+31	0.000403947415	0.000403947415	0.002314788755	0	3
50	2460991.574	2460991.574	2460991.574	1.669920255e+32	0.0007201208939	0.0007201208939	0.002314788755	0	3
51	2460991.59	2460991.59	2460991.59	1.6375745e+32	0.0007061724113	0.0007061724113	0.002314788755	0	3
52	2460991.606	2460991.606	2460991.606	9.378121685e+31	0.0004044134055	0.0004044134055	0.002314788755	0	3
53	2460991.627	2460991.627	2460991.627	3.659494532e+32	0.001578086418	0.001578086418	0.002314788755	0	1
54	2460991.632	2460991.632	2460991.632	1.034476058e+32	0.0004460978431	0.0004460978431	0.002314788755	0	3
55	2460991.65	2460991.65	2460991.65	1.086158272e+32	0.0004683848006	0.0004683848006	0.002314788755	0	3
56	2460991.683	2460991.683	2460991.683	1.19722256e+32	0.0005162791324	0.0005162791324	0.002314788755	0	3
57	2460991.718	2460991.718	2460991.718	1.002235027e+32	0.0004321945205	0.0004321945205	0.002314788755	0	3
58	2460991.731	2460991.731	2460991.731	5.731779008e+32	0.00247171912	0.00247171912	0.002314788755	0	1
59	2460991.843	2460991.843	2460991.843	1.478330142e+32	0.0006375013539	0.0006375013539	0.002314788755	0	3
60	2460991.866	2460991.866	2460991.866	1.642069205e+32	0.000708110666	0.000708110666	0.002314788755	0	3
61	2460991.898	2460991.898	2460991.898	1.262751904e+32	0.0005445373976	0.0005445373976	0.002314788755	0	3
62	2460991.917	2460991.917	2460991.917	9.862731977e+31	0.0004253112895	0.0004253112895	0.002314788755	0	3
63	2460991.968	2460991.968	2460991.968	3.153044026e+32	0.001359689408	0.001359689408	0.002314788755	0	1
64	2460992.005	2460992.005	2460992.005	9.863269783e+31	0.0004253344813	0.0004253344813	0.002314788755	0	3
65	2460992.157	2460992.157	2460992.157	9.491094833e+31	0.0004092851546	0.0004092851546	0.002314788755	0	3
66	2460992.192	2460992.192	2460992.192	1.204926731e+32	0.0005196014076	0.0005196014076	0.002314788755	0	3
67	2460992.218	2460992.215	2460992.218	3.48331664e+32	0.001072541926	0.001502113101	0.004629595205	0	2
68	2460992.222	2460992.222	2460992.222	1.235408828e+32	0.0005327462239	0.0005327462239	0.002314788755	0	3
69	2460992.252	2460992.252	2460992.252	1.03341791e+32	0.0004456415373	0.0004456415373	0.002314788755	0	3
70	2460992.285	2460992.28	2460992.299	5.610981252e+33	0.007358185349	0.02419627419	0.02083324222	0.004629613366	0
71	2460992.435	2460992.435	2460992.435	1.067854678e+32	0.0004604917291	0.0004604917291	0.002314788755	0	3
72	2460992.676	2460992.676	2460992.676	1.944553797e+32	0.0008385513109	0.0008385513109	0.002314788755	0	3
73	2460992.789	2460992.789	2460992.794	1.802210225e+33	0.004458106774	0.007771683914	0.006944401655	0.00231480645	0
74	2460992.801	2460992.801	2460992.801	9.652510691e+31	0.000416245902	0.000416245902	0.002314788755	0	3
75	2460993.005	2460993.005	2460993.007	2.722583785e+32	0.0007248960837	0.001174061733	0.00462959474	0.002314805984	2
76	2460993.025	2460993.025	2460993.025	2.822868211e+32	0.001217307457	0.001217307457	0.002314788755	0	1
77	2460993.19	2460993.19	2460993.192	3.578209619e+32	0.001084144752	0.001543033868	0.00462959474	0.002314805984	2
78	2460993.22	2460993.22	2460993.22	9.46483767e+31	0.0004081528651	0.0004081528651	0.002314788755	0	3
79	2460993.363	2460993.363	2460993.363	1.638467091e+32	0.0007065573239	0.0007065573239	0.002314788755	0	3
80	2460993.398	2460993.398	2460993.398	1.376430072e+32	0.0005935589148	0.0005935589148	0.002314788755	0	3
81	2460993.454	2460993.454	2460993.454	1.257284816e+32	0.0005421798216	0.0005421798216	0.002314788755	0	3
82	2460993.553	2460993.551	2460993.553	3.616410513e+32	0.0008594798479	0.001559507266	0.004629594274	0	2
83	2460993.648	2460993.648	2460993.648	2.177829718e+32	0.0009391470515	0.0009391470515	0.002314788755	0	3
84	2460993.757	2460993.757	2460993.757	1.219825117e+32	0.0005260260491	0.0005260260491	0.002314788755	0	3
85	2460994.174	2460994.174	2460994.176	3.241245642e+32	0.0009472347181	0.001397724654	0.004629593343	0.002314804588	2
86	2460994.271	2460994.271	2460994.271	1.485002526e+32	0.0006403786907	0.0006403786907	0.002314788755	0	3
87	2460994.294	2460994.294	2460994.294	1.084940932e+32	0.0004678598463	0.0004678598463	0.002314788755	0	3
88	2460994.31	2460994.31	2460994.31	2.196986258e+32	0.0009474079397	0.0009474079397	0.002314788755	0	3
89	2460994.315	2460994.315	2460994.315	1.537946188e+32	0.0006632096238	0.0006632096238	0.002314788755	0	3
90	2460994.491	2460994.491	2460994.491	1.261975674e+32	0.0005442026635	0.0005442026635	0.002314788755	0	3
91	2460994.544	2460994.544	2460994.544	1.090253922e+32	0.0004701509709	0.0004701509709	0.002314788755	0	3
92	2460994.567	2460994.567	2460994.567	1.131434848e+32	0.0004879094508	0.0004879094508	0.002314788755	0	3
93	2460994.611	2460994.611	2460994.616	4.319753394e+32	0.0006636155661	0.001862810315	0.006944397464	0.004629608709	2
94	2460994.646	2460994.643	2460994.648	1.195173319e+33	0.002576297407	0.005153954365	0.006944396999	0.002314804122	0
95	2460994.671	2460994.671	2460994.671	1.236475575e+32	0.0005332062377	0.0005332062377	0.002314788755	0	3
96	2460994.711	2460994.711	2460994.713	3.940477277e+32	0.0008844527099	0.001699254807	0.004629592877	0.002314804122	2
97	2460994.931	2460994.931	2460994.931	1.01565441e+32	0.0004379813706	0.0004379813706	0.002314788755	0	3
98	2460995.106	2460995.106	2460995.106	9.241237687e+31	0.0003985105472	0.0003985105472	0.002314788755	0	3
99	2460995.426	2460995.426	2460995.426	1.192018341e+32	0.0005140349131	0.0005140349131	0.002314788755	0	3
100	2460995.604	2460995.604	2460995.604	9.449958692e+31	0.0004075112378	0.0004075112378	0.002314788755	0	3
101	2460995.854	2460995.854	2460995.854	9.822673469e+31	0.0004235838436	0.0004235838436	0.002314788755	0	3
102	2460995.991	2460995.991	2460995.991	9.543972941e+31	0.000411565421	0.000411565421	0.002314788755	0	3
103	2460996.03	2460996.03	2460996.03	1.155633567e+32	0.0004983446816	0.0004983446816	0.002314788755	0	3
104	2460996.088	2460996.086	2460996.09	5.815560033e+32	0.001145075424	0.002507848071	0.006944392808	0.002314801794	2
105	2460996.132	2460996.132	2460996.132	1.027373928e+32	0.0004430351866	0.0004430351866	0.002314788755	0	3
106	2460996.167	2460996.16	2460996.197	3.96354286e+34	0.0217264662	0.1709201394	0.03935161512	0.01388880983	0
107	2460996.308	2460996.308	2460996.31	2.10822438e+32	0.0004620752433	0.0009091310924	0.004629590083	0.002314801328	2
108	2460996.352	2460996.352	2460996.352	1.192192914e+32	0.0005141101946	0.0005141101946	0.002314788755	0	3
109	2460996.493	2460996.493	2460996.493	9.479031864e+31	0.0004087649623	0.0004087649623	0.002314788755	0	3
110	2460996.738	2460996.736	2460996.743	7.109289521e+32	0.0009289828521	0.003065743954	0.00925919041	0.004629601259	2
111	2460997.002	2460997.002	2460997.002	1.152784808e+32	0.0004971162092	0.0004971162092	0.002314788755	0	3
112	2460997.081	2460997.081	2460997.081	2.031744825e+32	0.0008761507597	0.0008761507597	0.002314788755	0	3
113	2460997.132	2460997.127	2460997.15	1.075410749e+34	0.009419045999	0.04637501389	0.02546278667	0.009259199258	0
114	2460997.155	2460997.155	2460997.155	1.073785282e+32	0.0004630491877	0.0004630491877	0.002314788755	0	3
115	2460997.215	2460997.213	2460997.215	6.212464116e+32	0.001420747681	0.0026790053	0.004629588686	0	0
116	2460997.22	2460997.22	2460997.22	1.561286361e+32	0.0006732746231	0.0006732746231	0.002314788755	0	3
117	2460997.643	2460997.643	2460997.643	9.772503089e+31	0.0004214203427	0.0004214203427	0.002314788755	0	3
118	2460997.664	2460997.664	2460997.664	4.551821131e+32	0.00196288505	0.00196288505	0.002314788755	0	1
119	2460997.803	2460997.803	2460997.803	1.185130161e+32	0.0005110645187	0.0005110645187	0.002314788755	0	3
120	2460997.889	2460997.889	2460997.889	9.581294162e+31	0.0004131748266	0.0004131748266	0.002314788755	0	3
121	2460998.326	2460998.326	2460998.329	2.649698901e+32	0.0006310851047	0.001142631533	0.004629585892	0.002314797137	2
122	2460998.354	2460998.354	2460998.354	1.336887651e+32	0.0005765070086	0.0005765070086	0.002314788755	0	3
123	2460998.574	2460998.574	2460998.576	2.425838724e+32	0.0006167506161	0.001046096151	0.004629585426	0.002314796671	2
124	2460998.713	2460998.713	2460998.715	3.314286751e+32	0.0008346852153	0.001429222222	0.004629584961	0.002314796206	2
125	2460998.94	2460998.94	2460998.94	1.036627148e+32	0.000447025459	0.000447025459	0.002314788755	0	3
126	2460999.053	2460999.051	2460999.06	1.251465592e+33	0.001429155936	0.005396703933	0.01157396939	0.004629591014	0
127	2460999.079	2460999.079	2460999.079	9.422292552e+31	0.0004063181889	0.0004063181889	0.002314788755	0	3
128	2460999.324	2460999.324	2460999.324	1.081626966e+32	0.0004664307623	0.0004664307623	0.002314788755	0	3
129	2460999.815	2460999.815	2460999.815	1.016091693e+32	0.0004381699402	0.0004381699402	0.002314788755	0	3
130	2461000.097	2461000.097	2461000.097	9.412826416e+31	0.0004059099801	0.0004059099801	0.002314788755	0	3
131	2461000.354	2461000.352	2461000.354	2.576516307e+32	0.000665347911	0.001111072952	0.004629579838	0	2
132	2461000.648	2461000.648	2461000.65	2.863420936e+32	0.0006767716695	0.001234795038	0.004629578907	0.002314790152	2
133	2461001.055	2461001.055	2461001.055	1.066558568e+32	0.0004599328063	0.0004599328063	0.002314788755	0	3
134	2461001.067	2461001.067	2461001.072	5.920428263e+32	0.0009660522822	0.002553070472	0.006944366265	0.00462957751	2
135	2461001.132	2461001.132	2461001.132	9.741917356e+31	0.000420101392	0.000420101392	0.002314788755	0	3
136	2461001.194	2461001.194	2461001.194	9.426924275e+31	0.000406517923	0.000406517923	0.002314788755	0	3
137	2461001.636	2461001.636	2461001.639	4.548255632e+32	0.00127196953	0.001961347497	0.004629575647	0.002314786892	1
138	2461001.653	2461001.653	2461001.653	1.186240867e+32	0.0005115434893	0.0005115434893	0.002314788755	0	3
139	2461001.799	2461001.796	2461001.805	8.048842528e+32	0.0008691286726	0.003470908063	0.01157393446	0.00694435928	2
140	2461001.886	2461001.886	2461001.889	1.970433436e+32	0.000444894595	0.0008497114059	0.004629575182	0.002314786427	2
141	2461002.28	2461002.28	2461002.292	2.042738638e+33	0.002469999467	0.008808916295	0.01388871763	0.002314785495	0
142	2461002.312	2461002.312	2461002.312	1.044418975e+32	0.000450385534	0.000450385534	0.002314788755	0	3
143	2461002.354	2461002.352	2461002.361	1.521212455e+33	0.001835023188	0.006559935243	0.01157393213	0.006944357418	0
144	2461002.4	2461002.4	2461002.4	1.182845977e+32	0.0005100795082	0.0005100795082	0.002314788755	0	3
145	2461002.433	2461002.433	2461002.435	4.089338483e+32	0.0012532555	0.00176344833	0.004629574716	0.002314785961	1
146	2461002.553	2461002.553	2461002.555	7.180895319e+32	0.002480459482	0.003096622574	0.004629574716	0	1
147	2461002.562	2461002.562	2461002.562	1.504013091e+32	0.0006485766301	0.0006485766301	0.002314788755	0	3
148	2461002.618	2461002.616	2461002.618	2.246481575e+32	0.0005356279002	0.0009687518403	0.004629574716	0	2
149	2461002.639	2461002.639	2461002.639	1.868400577e+32	0.0008057117037	0.0008057117037	0.002314788755	0	3
150	2461002.741	2461002.741	2461002.743	2.042686036e+32	0.0004638005265	0.0008808689456	0.004629575182	0.002314786427	2
151	2461002.748	2461002.748	2461002.748	1.197684227e+32	0.0005164782173	0.0005164782173	0.002314788755	0	3
152	2461002.782	2461002.782	2461002.782	1.734761771e+32	0.0007480825468	0.0007480825468	0.002314788755	0	3
153	2461003.046	2461003.046	2461003.046	9.609772592e+31	0.000414402904	0.000414402904	0.002314788755	0	3
154	2461003.148	2461003.146	2461003.148	2.234015768e+32	0.000533793309	0.0009633762015	0.00462957751	0	2
155	2461003.329	2461003.329	2461003.329	9.894411003e+31	0.0004266773863	0.0004266773863	0.002314788755	0	3
156	2461003.444	2461003.444	2461003.444	1.791949032e+32	0.0007727434501	0.0007727434501	0.002314788755	0	3
157	2461003.516	2461003.514	2461003.518	1.754645634e+33	0.003304154897	0.007566570792	0.006944370456	0.002314790618	0
158	2461003.558	2461003.558	2461003.558	1.167905086e+32	0.0005036365373	0.0005036365373	0.002314788755	0	3
159	2461003.669	2461003.669	2461003.669	1.050042201e+32	0.0004528104417	0.0004528104417	0.002314788755	0	3
160	2461003.685	2461003.685	2461003.685	9.627760507e+31	0.0004151785981	0.0004151785981	0.002314788755	0	3
161	2461003.838	2461003.838	2461003.838	1.019758926e+32	0.0004397513638	0.0004397513638	0.002314788755	0	3
162	2461003.893	2461003.893	2461003.893	1.2950454e+32	0.0005584633448	0.0005584633448	0.002314788755	0	3
163	2461004.007	2461004.007	2461004.007	1.19865364e+32	0.000516896258	0.000516896258	0.002314788755	0	3
164	2461004.055	2461004.055	2461004.062	1.473014417e+33	0.00348789825	0.006352090503	0.009259170853	0.002314793877	0
165	2461004.083	2461004.079	2461004.104	2.044029942e+34	0.01618476607	0.08814484795	0.02777752653	0.01157397171	0
166	2461004.141	2461004.141	2461004.141	1.950349806e+32	0.000841050728	0.000841050728	0.002314788755	0	3
167	2461004.194	2461004.194	2461004.194	1.186068579e+32	0.0005114691932	0.0005114691932	0.002314788755	0	3
168	2461004.211	2461004.208	2461004.217	1.312451241e+33	0.001895758434	0.005659692779	0.01157396846	0.004629590083	0
169	2461004.278	2461004.278	2461004.278	1.444570354e+32	0.0006229430966	0.0006229430966	0.002314788755	0	3
170	2461004.4	2461004.4	2461004.4	1.238409772e+32	0.0005340403231	0.0005340403231	0.002314788755	0	3
171	2461004.437	2461004.437	2461004.437	1.052972483e+32	0.0004540740696	0.0004540740696	0.002314788755	0	3
172	2461004.442	2461004.442	2461004.444	2.814053485e+32	0.0007646685717	0.001213506277	0.004629584961	0.002314796206	2
173	2461004.486	2461004.484	2461004.488	7.296517933e+32	0.001400776781	0.003146482595	0.006944380701	0	0
174	2461004.579	2461004.579	2461004.588	1.080181431e+33	0.001354235883	0.004658074036	0.01157397451	0.009259185754	0
175	2461004.912	2461004.912	2461004.912	1.067064071e+32	0.0004601507947	0.0004601507947	0.002314788755	0	3
176	2461005.021	2461005.021	2461005.021	1.034538309e+32	0.0004461246876	0.0004461246876	0.002314788755	0	3
177	2461005.065	2461005.06	2461005.095	4.625851986e+34	0.04212608341	0.1994809428	0.03703675373	0.006944392808	0
178	2461005.104	2461005.104	2461005.104	2.71505579e+32	0.001170815431	0.001170815431	0.002314788755	0	3
179	2461005.141	2461005.141	2461005.143	2.001370711e+32	0.0004327671798	0.0008630525091	0.004629586358	0.002314797603	2
180	2461005.192	2461005.19	2461005.192	2.653189019e+32	0.000589775908	0.001144136579	0.004629586358	0	2
181	2461005.231	2461005.231	2461005.231	1.896440893e+32	0.0008178035491	0.0008178035491	0.002314788755	0	3
182	2461005.294	2461005.294	2461005.296	2.806682719e+32	0.0007154313353	0.001210327776	0.004629586823	0.002314798068	2
183	2461005.361	2461005.361	2461005.361	1.027108878e+32	0.0004429208886	0.0004429208886	0.002314788755	0	3
184	2461005.474	2461005.474	2461005.477	3.262680018e+32	0.0008227091414	0.001406967815	0.004629586823	0.002314798068	2
185	2461005.625	2461005.625	2461005.625	2.11740278e+32	0.0009130891	0.0009130891	0.002314788755	0	3
186	2461005.713	2461005.713	2461005.715	5.092217558e+32	0.001622490869	0.002195920583	0.004629587289	0	1
187	2461005.768	2461005.768	2461005.768	1.552331098e+32	0.0006694128384	0.0006694128384	0.002314788755	0	3
188	2461005.801	2461005.801	2461005.803	3.070777366e+32	0.0007029026396	0.001324213498	0.004629587289	0.002314798534	2
189	2461005.84	2461005.84	2461005.84	1.852094324e+32	0.0007986799467	0.0007986799467	0.002314788755	0	3
190	2461005.893	2461005.893	2461005.893	9.797513012e+31	0.0004224988474	0.0004224988474	0.002314788755	0	3
191	2461005.937	2461005.937	2461005.937	1.322211821e+32	0.0005701783398	0.0005701783398	0.002314788755	0	3
192	2461006.118	2461006.118	2461006.118	1.85275161e+32	0.0007989633889	0.0007989633889	0.002314788755	0	3
193	2461006.185	2461006.185	2461006.185	1.277578588e+32	0.000550931119	0.000550931119	0.002314788755	0	3
194	2461006.66	2461006.66	2461006.66	1.823081179e+32	0.000786168588	0.000786168588	0.002314788755	0	3
195	2461006.692	2461006.692	2461006.692	9.774341393e+31	0.000421499616	0.000421499616	0.002314788755	0	3
196	2461006.724	2461006.722	2461006.724	2.315952065e+32	0.0004994299791	0.0009987096489	0.004629587289	0	2
197	2461006.896	2461006.893	2461006.898	1.407468493e+33	0.003549934352	0.006069436349	0.006944385823	0.002314798534	0
198	2461006.907	2461006.905	2461006.93	1.638994377e+34	0.01909946535	0.07067847059	0.02777757216	0.006944395602	0
199	2461007.035	2461007.035	2461007.037	1.002062528e+33	0.002423138518	0.004321201334	0.004629587289	0.002314798534	0
200	2461007.264	2461007.264	2461007.264	1.66006569e+32	0.0007158713031	0.0007158713031	0.002314788755	0	3
201	2461007.31	2461007.31	2461007.31	9.277023042e+31	0.0004000537215	0.0004000537215	0.002314788755	0	3
202	2461007.474	2461007.474	2461007.474	1.302745609e+32	0.0005617839116	0.0005617839116	0.002314788755	0	3
203	2461007.741	2461007.741	2461007.741	1.409407994e+32	0.0006077800071	0.0006077800071	0.002314788755	0	3
204	2461007.863	2461007.863	2461007.863	1.004720681e+32	0.0004332664105	0.0004332664105	0.002314788755	0	3
205	2461008.055	2461008.053	2461008.058	6.343444117e+32	0.001107421131	0.002735487898	0.00694438396	0.002314797603	2
206	2461008.329	2461008.326	2461008.329	2.770622971e+32	0.0007094557443	0.001194777706	0.004629585892	0	2
207	2461008.509	2461008.509	2461008.509	1.301146665e+32	0.0005610943979	0.0005610943979	0.002314788755	0	3
208	2461008.66	2461008.66	2461008.669	3.215147236e+33	0.005872821349	0.01386470219	0.01157397637	0.002314796671	0
209	2461008.741	2461008.741	2461008.741	1.365242443e+32	0.0005887344656	0.0005887344656	0.002314788755	0	3
210	2461008.778	2461008.778	2461008.778	1.040415638e+32	0.0004486591722	0.0004486591722	0.002314788755	0	3
211	2461008.91	2461008.91	2461008.91	9.559310345e+31	0.0004122268169	0.0004122268169	0.002314788755	0	3
212	2461009.065	2461009.062	2461009.065	3.172519565e+32	0.0007962196936	0.001368087859	0.004629585426	0	2
213	2461009.118	2461009.118	2461009.118	1.323318852e+32	0.0005706557256	0.0005706557256	0.002314788755	0	3
214	2461009.125	2461009.125	2461009.125	1.006403536e+32	0.0004339921094	0.0004339921094	0.002314788755	0	3
215	2461009.197	2461009.194	2461009.201	3.055564442e+33	0.006459672221	0.01317653218	0.009259177372	0.002314796206	0
216	2461009.206	2461009.206	2461009.206	1.458985136e+32	0.0006291591932	0.0006291591932	0.002314788755	0	3
217	2461009.211	2461009.211	2461009.211	1.330960019e+32	0.0005739508316	0.0005739508316	0.002314788755	0	3
218	2461009.236	2461009.234	2461009.257	1.194778343e+34	0.01371940886	0.0515225111	0.02546275081	0.004629592411	0
219	2461009.261	2461009.261	2461009.261	1.239941029e+32	0.0005347006481	0.0005347006481	0.002314788755	0	3
220	2461009.289	2461009.289	2461009.289	1.418308247e+32	0.0006116180697	0.0006116180697	0.002314788755	0	3
221	2461009.296	2461009.296	2461009.296	1.023613125e+32	0.0004414134129	0.0004414134129	0.002314788755	0	3
222	2461009.338	2461009.333	2461009.345	6.590833715e+32	0.0006855038861	0.00284216989	0.01388876932	0.006944388151	2
223	2461009.352	2461009.349	2461009.352	2.267331382e+32	0.0005650926733	0.0009777429175	0.004629584961	0	2
224	2461009.384	2461009.379	2461009.391	9.714696253e+32	0.0008667115821	0.004189275344	0.01388876839	0.006944387686	2
225	2461009.396	2461009.396	2461009.396	1.143868441e+32	0.0004932711978	0.0004932711978	0.002314788755	0	3
226	2461009.498	2461009.491	2461009.657	9.239685002e+35	0.3194960416	3.984435906	0.1689800806	0.01620357065	0
227	2461009.676	2461009.676	2461009.678	2.696308716e+32	0.0007244392839	0.001162731117	0.004629584495	0.00231479574	2
228	2461009.704	2461009.701	2461009.704	2.765638368e+32	0.0006704731661	0.001192628192	0.004629584029	0	2
229	2461009.764	2461009.764	2461009.764	1.444116046e+32	0.0006227471851	0.0006227471851	0.002314788755	0	3
230	2461009.796	2461009.794	2461009.796	2.664722862e+32	0.0005889255247	0.001149110327	0.004629584029	0	2
231	2461009.801	2461009.801	2461009.801	1.256894219e+32	0.0005420113839	0.0005420113839	0.002314788755	0	3
232	2461010.044	2461010.042	2461010.044	3.444170334e+32	0.0009156418479	0.001485232012	0.004629583564	0	2
233	2461010.106	2461010.106	2461010.106	1.183214818e+32	0.0005102385637	0.0005102385637	0.002314788755	0	3
234	2461010.146	2461010.143	2461010.15	5.627451718e+32	0.0006747884535	0.002426729989	0.009259173181	0.004629589617	2
235	2461010.231	2461010.231	2461010.231	1.766830289e+32	0.0007619114766	0.0007619114766	0.002314788755	0	3
236	2461010.451	2461010.451	2461010.451	1.256705896e+32	0.0005419301735	0.0005419301735	0.002314788755	0	3
237	2461010.525	2461010.525	2461010.525	1.424355788e+32	0.0006142259551	0.0006142259551	0.002314788755	0	3
238	2461010.562	2461010.56	2461010.562	2.821495085e+32	0.0006444002316	0.001216715324	0.004629583098	0	2
239	2461010.62	2461010.618	2461010.625	8.355192821e+32	0.001411829957	0.003603015717	0.009259170853	0.002314794343	0
240	2461010.764	2461010.764	2461010.764	9.458077802e+31	0.0004078613588	0.0004078613588	0.002314788755	0	3
241	2461010.893	2461010.893	2461010.896	4.903778253e+32	0.00137872055	0.002114659769	0.004629582167	0.002314793412	1
242	2461010.903	2461010.903	2461010.903	1.241952164e+32	0.0005355679111	0.0005355679111	0.002314788755	0	3
243	2461010.995	2461010.995	2461010.995	9.44139347e+31	0.0004071418792	0.0004071418792	0.002314788755	0	3
244	2461011.153	2461011.15	2461011.153	2.293901738e+32	0.0005835155458	0.0009892008707	0.004629581701	0	2
245	2461011.199	2461011.199	2461011.199	1.156983071e+32	0.000498926629	0.000498926629	0.002314788755	0	3
246	2461011.261	2461011.257	2461011.273	3.083199659e+33	0.002826933928	0.01329570372	0.01851833984	0.009259171784	0
247	2461011.287	2461011.282	2461011.294	1.482617728e+33	0.001659723617	0.006393502927	0.01388875348	0.004629585892	0
248	2461011.491	2461011.491	2461011.491	1.242109461e+32	0.0005356357425	0.0005356357425	0.002314788755	0	3
249	2461011.53	2461011.528	2461011.532	3.893841872e+32	0.0007807119178	0.001679144188	0.006944373716	0.00231479248	2
250	2461011.648	2461011.643	2461011.667	1.126884329e+34	0.01005207245	0.04859471273	0.0254627117	0.00925916899	0
251	2461011.683	2461011.683	2461011.683	1.107682843e+32	0.0004776668568	0.0004776668568	0.002314788755	0	3
252	2461011.866	2461011.866	2461011.866	1.094750663e+32	0.0004720901038	0.0004720901038	0.002314788755	0	3
253	2461012.069	2461012.069	2461012.069	1.117435578e+32	0.0004818725357	0.0004818725357	0.002314788755	0	3
254	2461012.257	2461012.257	2461012.259	2.929367387e+32	0.0006660361408	0.001263233173	0.004629579838	0.002314791083	2
255	2461012.41	2461012.41	2461012.412	5.611252348e+32	0.001655245628	0.002419744324	0.004629579838	0.002314791083	1
256	2461012.525	2461012.523	2461012.525	3.486362064e+32	0.0007828955444	0.001503426382	0.004629579373	0	2
257	2461012.572	2461012.572	2461012.572	3.049299245e+32	0.001314951473	0.001314951473	0.002314788755	0	1
258	2461012.583	2461012.583	2461012.583	1.03858969e+32	0.0004478717677	0.0004478717677	0.002314788755	0	3
259	2461012.875	2461012.873	2461012.898	1.246137868e+34	0.01009716091	0.05373729151	0.02777747484	0.01157394843	0
260	2461013.333	2461013.331	2461013.335	6.632314672e+32	0.001440429107	0.002860057752	0.006944365799	0.002314788289	1
261	2461013.43	2461013.43	2461013.43	1.23058569e+32	0.0005306663385	0.0005306663385	0.002314788755	0	3
262	2461013.495	2461013.495	2461013.495	2.781490839e+32	0.001199464264	0.001199464264	0.002314788755	0	1
263	2461013.521	2461013.521	2461013.521	9.864812195e+31	0.0004254009948	0.0004254009948	0.002314788755	0	3
264	2461013.567	2461013.567	2461013.567	9.69600465e+31	0.0004181214951	0.0004181214951	0.002314788755	0	3
265	2461013.606	2461013.606	2461013.609	3.891416773e+32	0.0009451756287	0.00167809841	0.004629576579	0.002314787824	2
266	2461013.685	2461013.685	2461013.685	9.610910832e+31	0.0004144519884	0.0004144519884	0.002314788755	0	3
267	2461013.736	2461013.736	2461013.736	1.14889045e+32	0.0004954368421	0.0004954368421	0.002314788755	0	3
268	2461013.775	2461013.773	2461013.775	2.164906519e+32	0.000529709938	0.000933574171	0.004629576113	0	2
269	2461013.801	2461013.801	2461013.801	1.142483188e+32	0.000492673834	0.000492673834	0.002314788755	0	3
270	2461013.833	2461013.833	2461013.835	2.352456893e+32	0.0005298600524	0.001014451652	0.004629575647	0.002314786892	2
271	2461013.988	2461013.988	2461013.991	2.338275778e+32	0.0005442316005	0.00100833632	0.004629575182	0.002314786427	2
272	2461014.002	2461014.002	2461014.004	4.148735936e+32	0.0009738413891	0.001789062336	0.004629575182	0.002314786427	2
273	2461014.136	2461014.136	2461014.136	1.606785526e+32	0.00069289526	0.00069289526	0.002314788755	0	3
274	2461014.305	2461014.305	2461014.305	9.461673851e+31	0.0004080164315	0.0004080164315	0.002314788755	0	3
275	2461014.342	2461014.342	2461014.345	2.726984539e+32	0.000770415556	0.001175959474	0.00462957425	0.002314785495	2
276	2461014.352	2461014.349	2461014.354	1.549186944e+33	0.00419312586	0.006680569831	0.006944359746	0	0
277	2461014.486	2461014.486	2461014.488	2.84700009e+32	0.0007261090178	0.001227713865	0.004629573785	0.00231478503	2
278	2461014.604	2461014.602	2461014.604	2.718182684e+32	0.0007694131906	0.001172163844	0.004629573319	0	2
279	2461014.625	2461014.622	2461014.653	1.710753041e+34	0.01168483931	0.07377292453	0.03240698902	0.01157392329	0
280	2461014.669	2461014.664	2461014.683	7.207559334e+33	0.006920058685	0.03108120916	0.02083306527	0.004629569128	0
281	2461014.766	2461014.766	2461014.766	1.635521968e+32	0.0007052872962	0.0007052872962	0.002314788755	0	3
282	2461014.822	2461014.822	2461014.822	1.227441551e+32	0.0005293104893	0.0005293104893	0.002314788755	0	3
283	2461014.845	2461014.845	2461014.845	1.100360146e+32	0.0004745090849	0.0004745090849	0.002314788755	0	3
284	2461014.849	2461014.849	2461014.849	1.312196148e+32	0.0005658592741	0.0005658592741	0.002314788755	0	3
285	2461015.065	2461015.065	2461015.067	6.343289104e+32	0.001816041472	0.002735421052	0.004629571922	0.002314783167	1
286	2461015.194	2461015.194	2461015.194	1.093741635e+32	0.0004716549796	0.0004716549796	0.002314788755	0	3
287	2461015.296	2461015.296	2461015.296	1.17570728e+32	0.0005070010829	0.0005070010829	0.002314788755	0	3
288	2461015.493	2461015.493	2461015.5	1.011327809e+33	0.001655605663	0.004361156073	0.009259133134	0.004629563075	0
289	2461015.541	2461015.541	2461015.541	9.529523511e+31	0.0004109423172	0.0004109423172	0.002314788755	0	3
290	2461015.572	2461015.572	2461015.572	1.653636285e+32	0.000713098746	0.000713098746	0.002314788755	0	3
291	2461015.585	2461015.585	2461015.588	4.424602615e+32	0.001018962346	0.001908024519	0.004629569594	0.002314780839	2
292	2461015.632	2461015.632	2461015.632	1.388608399e+32	0.0005988105831	0.0005988105831	0.002314788755	0	3
293	2461015.701	2461015.701	2461015.701	9.614844723e+31	0.0004146216298	0.0004146216298	0.002314788755	0	3
294	2461015.727	2461015.727	2461015.727	2.678396453e+32	0.001155006799	0.001155006799	0.002314788755	0	3
295	2461015.741	2461015.741	2461015.741	1.436741864e+32	0.0006195672115	0.0006195672115	0.002314788755	0	3
296	2461015.745	2461015.745	2461015.745	9.436951647e+31	0.0004069503341	0.0004069503341	0.002314788755	0	3
297	2461015.775	2461015.773	2461015.775	2.073930747e+32	0.0004606122816	0.0008943426247	0.004629569128	0	2
298	2461015.824	2461015.824	2461015.824	1.687015181e+32	0.0007274927511	0.0007274927511	0.002314788755	0	3
299	2461015.868	2461015.868	2461015.87	8.597056244e+32	0.002341079432	0.003707314652	0.004629568662	0.002314779907	0
300	2461015.947	2461015.947	2461015.947	1.325258502e+32	0.0005714921621	0.0005714921621	0.002314788755	0	3
301	2461016.032	2461016.032	2461016.032	1.557856629e+32	0.0006717956174	0.0006717956174	0.002314788755	0	3
302	2461016.305	2461016.296	2461016.319	1.467677515e+34	0.009182612547	0.06329076139	0.02546257572	0.006944335997	0
303	2461016.328	2461016.328	2461016.328	1.31164343e+32	0.0005656209253	0.0005656209253	0.002314788755	0	3
304	2461016.37	2461016.37	2461016.37	1.249936935e+32	0.0005390111895	0.0005390111895	0.002314788755	0	3
305	2461016.421	2461016.421	2461016.421	1.017229434e+32	0.0004386605693	0.0004386605693	0.002314788755	0	3
306	2461016.528	2461016.525	2461016.532	5.666186962e+32	0.0009839982818	0.002443433816	0.009259123821	0.004629556555	2
307	2461016.569	2461016.569	2461016.569	1.225868773e+32	0.0005286322591	0.0005286322591	0.002314788755	0	3
308	2461016.604	2461016.604	2461016.604	9.397741844e+31	0.000405259487	0.000405259487	0.002314788755	0	3
309	2461016.648	2461016.648	2461016.648	1.1799032e+32	0.0005088104923	0.0005088104923	0.002314788755	0	3
310	2461016.657	2461016.657	2461016.657	1.257038971e+32	0.0005420738056	0.0005420738056	0.002314788755	0	3
311	2461016.664	2461016.664	2461016.664	9.928108273e+31	0.0004281305161	0.0004281305161	0.002314788755	0	3
312	2461016.687	2461016.687	2461016.687	1.066244337e+32	0.0004597973004	0.0004597973004	0.002314788755	0	3
313	2461016.713	2461016.713	2461016.713	1.148378342e+32	0.0004952160056	0.0004952160056	0.002314788755	0	3
314	2461017.099	2461017.099	2461017.099	1.48833177e+32	0.0006418143629	0.0006418143629	0.002314788755	0	3
315	2461017.109	2461017.109	2461017.109	9.361049837e+31	0.000403677215	0.000403677215	0.002314788755	0	3
316	2461017.162	2461017.159	2461017.162	2.180724596e+32	0.0004824415073	0.0009403954117	0.004629568197	0	2
317	2461017.247	2461017.247	2461017.247	1.434463485e+32	0.0006185847045	0.0006185847045	0.002314788755	0	3
318	2461017.294	2461017.294	2461017.294	1.015865347e+32	0.0004380723331	0.0004380723331	0.002314788755	0	3
319	2461017.386	2461017.386	2461017.386	1.152066251e+32	0.0004968063454	0.0004968063454	0.002314788755	0	3
320	2461017.414	2461017.414	2461017.416	3.149792998e+32	0.0009342086116	0.001358287465	0.004629569594	0.002314780839	2
321	2461017.449	2461017.449	2461017.449	9.961140418e+31	0.0004295549636	0.0004295549636	0.002314788755	0	3
322	2461017.481	2461017.481	2461017.481	1.2083956e+32	0.0005210972901	0.0005210972901	0.002314788755	0	3
323	2461017.502	2461017.502	2461017.502	1.353022629e+32	0.0005834649066	0.0005834649066	0.002314788755	0	3
324	2461017.574	2461017.574	2461017.574	1.309481135e+32	0.0005646884773	0.0005646884773	0.002314788755	0	3
325	2461017.745	2461017.745	2461017.754	2.52300295e+33	0.004015802061	0.01087996349	0.01157392096	0.004629566334	0
326	2461017.801	2461017.801	2461017.801	1.150479908e+32	0.0004961222653	0.0004961222653	0.002314788755	0	3
327	2461017.81	2461017.81	2461017.81	1.175568134e+32	0.0005069410789	0.0005069410789	0.002314788755	0	3
328	2461017.828	2461017.824	2461017.833	2.566998697e+33	0.003338643548	0.01106968666	0.01157392329	0.004629567266	0
329	2461017.861	2461017.861	2461017.861	9.425549236e+31	0.0004064586271	0.0004064586271	0.002314788755	0	3
330	2461017.896	2461017.896	2461017.896	1.133695035e+32	0.0004888841125	0.0004888841125	0.002314788755	0	3
331	2461017.984	2461017.984	2461017.986	2.053711878e+32	0.0004711663459	0.0008856236276	0.004629573785	0.00231478503	2
332	2461018.067	2461018.067	2461018.069	4.581591771e+32	0.001240666707	0.001975723064	0.00462957425	0.002314785495	1
333	2461018.136	2461018.136	2461018.136	1.032084083e+32	0.0004450663499	0.0004450663499	0.002314788755	0	3
334	2461018.197	2461018.197	2461018.197	9.906550614e+31	0.0004272008836	0.0004272008836	0.002314788755	0	3
335	2461018.317	2461018.317	2461018.324	1.787806258e+33	0.00301273933	0.007709569585	0.009259149432	0.004629573785	0
336	2461018.435	2461018.435	2461018.435	1.140187879e+32	0.0004916840265	0.0004916840265	0.002314788755	0	3
337	2461018.676	2461018.676	2461018.676	1.102175904e+32	0.0004752920957	0.0004752920957	0.002314788755	0	3
338	2461018.903	2461018.903	2461018.903	1.017696692e+32	0.0004388620651	0.0004388620651	0.002314788755	0	3
339	2461019.039	2461019.039	2461019.041	4.959927119e+32	0.001428403143	0.002138872884	0.004629578907	0.002314790152	1
340	2461019.092	2461019.092	2461019.092	1.030988439e+32	0.0004445938747	0.0004445938747	0.002314788755	0	3
341	2461019.106	2461019.106	2461019.106	1.216535074e+32	0.0005246072815	0.0005246072815	0.002314788755	0	3
342	2461019.166	2461019.166	2461019.166	1.006653095e+32	0.0004340997272	0.0004340997272	0.002314788755	0	3
343	2461019.187	2461019.185	2461019.194	1.751849702e+33	0.002425362863	0.007554513876	0.01157395076	0.004629581235	0
344	2461019.257	2461019.257	2461019.257	9.869085849e+31	0.0004255852879	0.0004255852879	0.002314788755	0	3
345	2461019.488	2461019.488	2461019.488	9.311710401e+31	0.000401549547	0.000401549547	0.002314788755	0	3
346	2461019.518	2461019.518	2461019.518	1.461639742e+32	0.0006303039411	0.0006303039411	0.002314788755	0	3
347	2461019.629	2461019.629	2461019.629	1.323593464e+32	0.0005707741465	0.0005707741465	0.002314788755	0	3
348	2461019.683	2461019.683	2461019.683	9.931538651e+31	0.0004282784445	0.0004282784445	0.002314788755	0	3
349	2461019.863	2461019.863	2461019.863	1.579679727e+32	0.0006812064071	0.0006812064071	0.002314788755	0	3
350	2461019.921	2461019.921	2461019.923	3.409681412e+32	0.0008745825641	0.00147035933	0.00462958077	0.002314792015	2
351	2461020	2461020	2461020	9.995481508e+31	0.0004310358569	0.0004310358569	0.002314788755	0	3
352	2461020.21	2461020.206	2461020.264	1.107313217e+35	0.1167594062	0.4775074626	0.06018458493	0.004629583564	0
353	2461020.289	2461020.289	2461020.289	1.07708185e+32	0.000464470769	0.000464470769	0.002314788755	0	3
354	2461020.326	2461020.326	2461020.326	1.037916574e+32	0.0004475814992	0.0004475814992	0.002314788755	0	3
355	2461020.331	2461020.331	2461020.331	9.782719595e+31	0.0004218609098	0.0004218609098	0.002314788755	0	3
356	2461020.363	2461020.363	2461020.363	1.407419463e+32	0.0006069224918	0.0006069224918	0.002314788755	0	3
357	2461020.639	2461020.639	2461020.639	1.596392094e+32	0.000688413293	0.000688413293	0.002314788755	0	3
358	2461020.805	2461020.805	2461020.805	1.660587617e+32	0.000716096374	0.000716096374	0.002314788755	0	3
359	2461020.854	2461020.854	2461020.854	9.249706084e+31	0.0003988757305	0.0003988757305	0.002314788755	0	3
360	2461020.884	2461020.884	2461020.884	9.699950148e+31	0.0004182916371	0.0004182916371	0.002314788755	0	3
361	2461020.919	2461020.919	2461020.919	1.017093689e+32	0.0004386020319	0.0004386020319	0.002314788755	0	3
362	2461020.965	2461020.963	2461020.965	4.168309659e+32	0.0009275075127	0.001797503126	0.00462958077	0	2
363	2461021.011	2461021.011	2461021.011	1.083100136e+32	0.0004670660387	0.0004670660387	0.002314788755	0	3
364	2461021.088	2461021.085	2461021.088	2.445615521e+32	0.0005683986811	0.001054624513	0.004629580304	0	2
365	2461021.271	2461021.271	2461021.271	1.686452571e+32	0.0007272501364	0.0007272501364	0.002314788755	0	3
366	2461021.298	2461021.298	2461021.298	1.686871972e+32	0.0007274309948	0.0007274309948	0.002314788755	0	3
367	2461021.352	2461021.352	2461021.352	1.19683558e+32	0.0005161122545	0.0005161122545	0.002314788755	0	3
368	2461021.511	2461021.511	2461021.511	1.121764055e+32	0.0004837391077	0.0004837391077	0.002314788755	0	3
369	2461021.541	2461021.541	2461021.541	1.073121055e+32	0.0004627627526	0.0004627627526	0.002314788755	0	3
370	2461021.687	2461021.687	2461021.687	9.675685497e+31	0.0004172452708	0.0004172452708	0.002314788755	0	3
371	2461021.845	2461021.845	2461021.852	5.636612298e+32	0.0008186570444	0.002430680313	0.009259162936	0.006944374181	2
372	2461021.926	2461021.926	2461021.926	1.481376586e+32	0.0006388150743	0.0006388150743	0.002314788755	0	3
373	2461021.96	2461021.958	2461021.967	1.585318736e+33	0.001934434257	0.006836381209	0.01157395402	0.006944373716	0
374	2461021.99	2461021.988	2461021.993	1.124378465e+33	0.001873642184	0.004848665215	0.006944371387	0.002314791083	0
375	2461022.053	2461022.053	2461022.053	1.449417221e+32	0.0006250332146	0.0006250332146	0.002314788755	0	3
376	2461022.127	2461022.125	2461022.127	2.119653986e+32	0.0004713735551	0.0009140598891	0.004629579838	0	2
377	2461022.143	2461022.143	2461022.143	1.241697298e+32	0.0005354580049	0.0005354580049	0.002314788755	0	3
378	2461022.317	2461022.317	2461022.317	9.937981066e+31	0.0004285562612	0.0004285562612	0.002314788755	0	3
379	2461022.342	2461022.342	2461022.342	1.561473205e+32	0.0006733551957	0.0006733551957	0.002314788755	0	3
380	2461022.361	2461022.361	2461022.361	1.129756601e+32	0.0004871857392	0.0004871857392	0.002314788755	0	3
381	2461022.382	2461022.382	2461022.382	1.009987668e+32	0.0004355376972	0.0004355376972	0.002314788755	0	3
382	2461022.451	2461022.451	2461022.451	9.740937589e+31	0.0004200591414	0.0004200591414	0.002314788755	0	3
383	2461022.472	2461022.472	2461022.472	1.295057666e+32	0.0005584686344	0.0005584686344	0.002314788755	0	3
384	2461022.497	2461022.495	2461022.497	3.505529871e+32	0.0008188327751	0.001511692128	0.004629579373	0	2
385	2461022.558	2461022.558	2461022.558	9.463072258e+31	0.0004080767351	0.0004080767351	0.002314788755	0	3
386	2461022.578	2461022.578	2461022.578	1.042962336e+32	0.0004497573866	0.0004497573866	0.002314788755	0	3
387	2461022.652	2461022.652	2461022.652	9.585296614e+31	0.0004133474246	0.0004133474246	0.002314788755	0	3
388	2461022.664	2461022.664	2461022.664	1.254095864e+32	0.0005408046477	0.0005408046477	0.002314788755	0	3
389	2461022.683	2461022.683	2461022.683	1.386636978e+32	0.0005979604461	0.0005979604461	0.002314788755	0	3
390	2461022.798	2461022.798	2461022.798	1.25975697e+32	0.0005432458902	0.0005432458902	0.002314788755	0	3
391	2461022.812	2461022.812	2461022.812	9.970901996e+31	0.0004299759128	0.0004299759128	0.002314788755	0	3
392	2461022.831	2461022.831	2461022.831	9.663367506e+31	0.0004167140812	0.0004167140812	0.002314788755	0	3
393	2461022.856	2461022.854	2461022.856	2.172978233e+32	0.0005246145246	0.0009370549421	0.004629579373	0	2
394	2461022.868	2461022.868	2461022.868	1.001179179e+32	0.0004317392062	0.0004317392062	0.002314788755	0	3
395	2461022.958	2461022.958	2461022.958	9.725893885e+31	0.0004194104107	0.0004194104107	0.002314788755	0	3
396	2461023.002	2461023.002	2461023.002	1.004487428e+32	0.0004331658249	0.0004331658249	0.002314788755	0	3
397	2461023.06	2461023.06	2461023.06	9.696931341e+31	0.0004181614569	0.0004181614569	0.002314788755	0	3
398	2461023.078	2461023.078	2461023.078	1.032863135e+32	0.0004454023013	0.0004454023013	0.002314788755	0	3
399	2461023.092	2461023.092	2461023.092	1.160506547e+32	0.0005004460602	0.0005004460602	0.002314788755	0	3
400	2461023.148	2461023.148	2461023.148	9.572770629e+31	0.0004128072657	0.0004128072657	0.002314788755	0	3
401	2461023.208	2461023.208	2461023.21	4.527043859e+32	0.001373683286	0.001952200329	0.004629578907	0.002314790152	1
402	2461023.257	2461023.254	2461023.257	2.576243738e+32	0.0006652387596	0.001110955412	0.004629578907	0	2
403	2461023.321	2461023.321	2461023.321	1.154468096e+32	0.0004978420945	0.0004978420945	0.002314788755	0	3
404	2461023.338	2461023.338	2461023.338	9.632954383e+31	0.000415402574	0.000415402574	0.002314788755	0	3
405	2461023.393	2461023.393	2461023.393	9.8211032e+31	0.0004235161288	0.0004235161288	0.002314788755	0	3
406	2461023.409	2461023.407	2461023.416	3.555525487e+33	0.007172641044	0.01533251773	0.01157394843	0.002314789686	0
407	2461023.421	2461023.421	2461023.421	1.171729568e+32	0.0005052857711	0.0005052857711	0.002314788755	0	3
408	2461023.47	2461023.47	2461023.47	1.21893925e+32	0.0005256440361	0.0005256440361	0.002314788755	0	3
409	2461023.62	2461023.62	2461023.62	9.386628368e+31	0.0004047802398	0.0004047802398	0.002314788755	0	3
410	2461023.715	2461023.715	2461023.715	1.111605522e+32	0.0004793584366	0.0004793584366	0.002314788755	0	3
411	2461023.733	2461023.733	2461023.736	3.452108509e+32	0.0009606791932	0.001488655197	0.004629578441	0.002314789686	2
412	2461023.812	2461023.812	2461023.812	1.029463465e+32	0.0004439362589	0.0004439362589	0.002314788755	0	3
413	2461023.842	2461023.842	2461023.842	9.428171344e+31	0.0004065717005	0.0004065717005	0.002314788755	0	3
414	2461023.863	2461023.863	2461023.865	3.049989096e+32	0.0009019454981	0.001315248958	0.004629577976	0.002314789221	2
415	2461023.979	2461023.979	2461023.979	1.004596839e+32	0.0004332130064	0.0004332130064	0.002314788755	0	3
416	2461024	2461024	2461024	1.426399137e+32	0.0006151071099	0.0006151071099	0.002314788755	0	3
417	2461024.007	2461024.007	2461024.007	1.005456057e+32	0.0004335835276	0.0004335835276	0.002314788755	0	3
418	2461024.108	2461024.108	2461024.108	1.012964726e+32	0.0004368214962	0.0004368214962	0.002314788755	0	3
419	2461024.118	2461024.118	2461024.118	1.205264587e+32	0.0005197471014	0.0005197471014	0.002314788755	0	3
420	2461024.141	2461024.141	2461024.141	1.118361239e+32	0.0004822717089	0.0004822717089	0.002314788755	0	3
421	2461024.199	2461024.196	2461024.199	2.465164875e+32	0.0006376787882	0.001063054794	0.00462957751	0	2
422	2461024.222	2461024.222	2461024.222	1.131046321e+32	0.0004877419058	0.0004877419058	0.002314788755	0	3
423	2461024.301	2461024.301	2461024.301	1.05932206e+32	0.0004568122021	0.0004568122021	0.002314788755	0	3
424	2461024.532	2461024.532	2461024.534	2.683452066e+32	0.0006227746008	0.001157186934	0.00462957751	0.002314788755	2
425	2461024.59	2461024.59	2461024.59	1.174300837e+32	0.0005063945814	0.0005063945814	0.002314788755	0	3
426	2461024.604	2461024.604	2461024.606	2.401815104e+32	0.0005636890427	0.001035736428	0.004629577044	0.002314788289	2
427	2461024.625	2461024.622	2461024.627	5.014916593e+32	0.001086594562	0.002162586034	0.006944365334	0.002314788289	2
428	2461024.652	2461024.652	2461024.662	2.31614738e+33	0.002686247537	0.00998793875	0.01157394145	0.006944364402	0
429	2461024.722	2461024.722	2461024.724	3.503387818e+32	0.001086404114	0.00151076841	0.004629577044	0.002314788289	2
430	2461024.782	2461024.78	2461024.791	2.79347957e+33	0.003588719213	0.01204634173	0.0138887288	0.006944363937	0
431	2461024.819	2461024.819	2461024.819	1.069120605e+32	0.0004610376357	0.0004610376357	0.002314788755	0	3
432	2461024.872	2461024.872	2461024.875	2.510190185e+32	0.0006264241499	0.001082471091	0.004629576579	0.002314787824	2
433	2461024.946	2461024.946	2461024.949	2.196959444e+32	0.0005274946636	0.0009473963766	0.004629576579	0.002314787824	2
434	2461024.997	2461024.997	2461024.997	1.000170519e+32	0.000431304241	0.000431304241	0.002314788755	0	3
435	2461025.12	2461025.118	2461025.122	7.80525061e+32	0.001383867662	0.003365863748	0.006944363937	0.002314787358	0
436	2461025.379	2461025.379	2461025.379	9.585417887e+31	0.0004133526543	0.0004133526543	0.002314788755	0	3
437	2461025.604	2461025.604	2461025.604	1.427997228e+32	0.0006157962559	0.0006157962559	0.002314788755	0	3
438	2461025.629	2461025.629	2461025.629	1.030084487e+32	0.0004442040628	0.0004442040628	0.002314788755	0	3
439	2461025.724	2461025.724	2461025.727	2.466365128e+32	0.0005920413033	0.001063572381	0.004629575182	0.002314786427	2
440	2461025.993	2461025.993	2461025.993	9.784412793e+31	0.0004219339257	0.0004219339257	0.002314788755	0	3
441	2461026.06	2461026.06	2461026.06	1.369059112e+32	0.0005903803304	0.0005903803304	0.002314788755	0	3
442	2461026.326	2461026.326	2461026.326	1.222881135e+32	0.0005273438977	0.0005273438977	0.002314788755	0	3
443	2461026.648	2461026.645	2461026.655	2.205154511e+33	0.003476745168	0.009509303415	0.01157392794	0.004629569594	0
444	2461026.75	2461026.75	2461026.75	9.758635141e+31	0.0004208223142	0.0004208223142	0.002314788755	0	3
445	2461027.215	2461027.215	2461027.22	5.155044958e+32	0.0008651835342	0.002223013688	0.006944356021	0.004629567266	2
446	2461027.233	2461027.233	2461027.233	9.802083104e+31	0.0004226959238	0.0004226959238	0.002314788755	0	3
447	2461027.257	2461027.257	2461027.259	2.065976579e+32	0.0004586874205	0.0008909125432	0.004629572388	0.002314783633	2
448	2461027.28	2461027.277	2461027.284	2.165688982e+33	0.005022655103	0.009339115935	0.009259139188	0.002314783633	0
449	2461027.442	2461027.442	2461027.442	2.20225967e+32	0.0009496819972	0.0009496819972	0.002314788755	0	3
450	2461027.669	2461027.669	2461027.669	9.314593139e+31	0.0004016738595	0.0004016738595	0.002314788755	0	3
451	2461027.703	2461027.703	2461027.703	9.630850953e+31	0.0004153118676	0.0004153118676	0.002314788755	0	3
452	2461027.722	2461027.722	2461027.722	1.298101054e+32	0.0005597810368	0.0005597810368	0.002314788755	0	3
453	2461027.861	2461027.861	2461027.861	1.042367421e+32	0.000449500841	0.000449500841	0.002314788755	0	3
454	2461027.958	2461027.958	2461027.958	1.034582596e+32	0.0004461437856	0.0004461437856	0.002314788755	0	3
455	2461028.104	2461028.104	2461028.106	2.647056796e+32	0.0007313025976	0.001141492177	0.004629570059	0.002314781304	2
456	2461028.145	2461028.145	2461028.148	6.273909303e+32	0.001821769947	0.002705502351	0.004629570059	0.002314781304	1
457	2461028.18	2461028.18	2461028.18	1.190496663e+32	0.000513378719	0.000513378719	0.002314788755	0	3
458	2461028.273	2461028.273	2461028.273	1.013380722e+32	0.0004370008864	0.0004370008864	0.002314788755	0	3
459	2461028.351	2461028.351	2461028.351	1.45956053e+32	0.0006294073208	0.0006294073208	0.002314788755	0	3
460	2461028.541	2461028.539	2461028.541	3.089571776e+32	0.0007318511981	0.001332318225	0.004629569128	0	2
461	2461028.571	2461028.571	2461028.571	1.088214236e+32	0.0004692713957	0.0004692713957	0.002314788755	0	3
462	2461028.597	2461028.597	2461028.599	2.409702404e+32	0.0005957149892	0.001039137674	0.004629568662	0.002314779907	2
463	2461028.699	2461028.699	2461028.699	1.084645813e+32	0.0004677325821	0.0004677325821	0.002314788755	0	3
464	2461028.745	2461028.745	2461028.745	1.080524269e+32	0.0004659552457	0.0004659552457	0.002314788755	0	3
465	2461028.775	2461028.775	2461028.775	1.23572473e+32	0.0005328824502	0.0005328824502	0.002314788755	0	3
466	2461028.798	2461028.798	2461028.798	1.300816458e+32	0.0005609520025	0.0005609520025	0.002314788755	0	3
467	2461028.861	2461028.856	2461028.865	3.099162687e+33	0.003481393673	0.0133645412	0.01157390606	0.004629558418	0
468	2461028.993	2461028.993	2461028.993	5.488722039e+32	0.002366905492	0.002366905492	0.002314788755	0	1
469	2461029.014	2461029.014	2461029.014	1.977534483e+32	0.0008527735956	0.0008527735956	0.002314788755	0	3
470	2461029.088	2461029.088	2461029.088	1.574785868e+32	0.0006790960252	0.0006790960252	0.002314788755	0	3
471	2461029.125	2461029.125	2461029.125	1.782192102e+32	0.0007685359622	0.0007685359622	0.002314788755	0	3
472	2461029.398	2461029.398	2461029.398	1.301591808e+32	0.0005612863571	0.0005612863571	0.002314788755	0	3
473	2461029.419	2461029.419	2461029.419	9.662174998e+31	0.0004166626566	0.0004166626566	0.002314788755	0	3
474	2461029.486	2461029.486	2461029.488	3.364218063e+32	0.0008461692183	0.001450754138	0.004629565869	0.002314777113	2
475	2461029.502	2461029.502	2461029.502	1.788559977e+32	0.0007712819852	0.0007712819852	0.002314788755	0	3
476	2461029.514	2461029.514	2461029.514	2.896597517e+32	0.001249101798	0.001249101798	0.002314788755	0	1
477	2461029.578	2461029.578	2461029.581	2.087660833e+32	0.0004753874093	0.0009002634595	0.004629565403	0.002314776648	2
478	2461029.608	2461029.606	2461029.618	3.001206564e+33	0.004439866539	0.01294212432	0.01388867246	0.004629553296	0
479	2461029.645	2461029.643	2461029.648	8.479714211e+32	0.001793827759	0.003656713164	0.006944342051	0	0
480	2461029.689	2461029.689	2461029.689	1.530301709e+32	0.0006599130895	0.0006599130895	0.002314788755	0	3
481	2461029.726	2461029.726	2461029.726	1.140181344e+32	0.0004916812083	0.0004916812083	0.002314788755	0	3
482	2461029.754	2461029.754	2461029.754	1.303772116e+32	0.0005622265727	0.0005622265727	0.002314788755	0	3
483	2461029.828	2461029.828	2461029.828	1.472238195e+32	0.0006348743194	0.0006348743194	0.002314788755	0	3
484	2461029.87	2461029.87	2461029.87	1.110496994e+32	0.0004788804051	0.0004788804051	0.002314788755	0	3
485	2461029.879	2461029.879	2461029.879	1.043859536e+32	0.0004501442869	0.0004501442869	0.002314788755	0	3
486	2461029.898	2461029.898	2461029.898	1.051982163e+32	0.0004536470129	0.0004536470129	0.002314788755	0	3
487	2461029.944	2461029.944	2461029.944	1.045411521e+32	0.0004508135503	0.0004508135503	0.002314788755	0	3
488	2461030.081	2461030.081	2461030.081	1.007738523e+32	0.000434567797	0.000434567797	0.002314788755	0	3
489	2461030.136	2461030.134	2461030.143	2.362847908e+33	0.004077914559	0.01018932577	0.01157388836	0.002314774785	0
490	2461030.287	2461030.282	2461030.294	3.094769648e+33	0.003771500397	0.01334559707	0.01388866082	0.004629548639	0
491	2461030.317	2461030.317	2461030.319	3.276515297e+32	0.0007921856114	0.001412934012	0.004629563075	0.00231477432	2
492	2461030.356	2461030.356	2461030.356	1.476033762e+32	0.0006365110844	0.0006365110844	0.002314788755	0	3
493	2461030.384	2461030.384	2461030.384	1.574759733e+32	0.0006790847548	0.0006790847548	0.002314788755	0	3
494	2461030.388	2461030.388	2461030.388	1.039882821e+32	0.0004484294051	0.0004484294051	0.002314788755	0	3
495	2461030.419	2461030.419	2461030.419	1.239430887e+32	0.0005344806591	0.0005344806591	0.002314788755	0	3
496	2461030.442	2461030.442	2461030.453	3.853952885e+33	0.005965032633	0.01661942832	0.01388865802	0.004629547708	0
497	2461030.467	2461030.467	2461030.467	9.645980921e+31	0.0004159643183	0.0004159643183	0.002314788755	0	3
498	2461030.504	2461030.504	2461030.504	1.38660347e+32	0.0005979459964	0.0005979459964	0.002314788755	0	3
499	2461030.541	2461030.541	2461030.541	1.006638428e+32	0.0004340934021	0.0004340934021	0.002314788755	0	3
500	2461030.641	2461030.638	2461030.641	4.649508507e+32	0.001118428511	0.002005010846	0.004629562143	0	2
501	2461030.689	2461030.689	2461030.689	2.038668339e+32	0.0008791363914	0.0008791363914	0.002314788755	0	3
502	2461030.696	2461030.694	2461030.696	2.584269582e+32	0.0006499922984	0.001114416402	0.004629562143	0	2
503	2461030.763	2461030.763	2461030.763	9.274104599e+31	0.0003999278694	0.0003999278694	0.002314788755	0	3
504	2461030.78	2461030.78	2461030.78	1.198910967e+32	0.0005170072253	0.0005170072253	0.002314788755	0	3
505	2461030.872	2461030.872	2461030.872	1.186507043e+32	0.0005116582725	0.0005116582725	0.002314788755	0	3
506	2461030.879	2461030.877	2461030.879	4.656154768e+32	0.001091453395	0.002007876918	0.004629561678	0	2
507	2461030.909	2461030.909	2461030.909	1.16380373e+32	0.0005018679066	0.0005018679066	0.002314788755	0	3
508	2461031.141	2461031.141	2461031.141	1.218026104e+32	0.0005252502595	0.0005252502595	0.002314788755	0	3
509	2461031.178	2461031.178	2461031.178	9.737116922e+31	0.0004198943825	0.0004198943825	0.002314788755	0	3
510	2461031.243	2461031.243	2461031.243	1.372908612e+32	0.0005920403528	0.0005920403528	0.002314788755	0	3
511	2461031.314	2461031.314	2461031.314	1.034217325e+32	0.0004459862692	0.0004459862692	0.002314788755	0	3
512	2461031.377	2461031.377	2461031.377	1.081033342e+32	0.0004661747736	0.0004661747736	0.002314788755	0	3
513	2461031.416	2461031.416	2461031.416	1.527899288e+32	0.0006588770921	0.0006588770921	0.002314788755	0	3
514	2461031.439	2461031.439	2461031.439	1.288914558e+32	0.0005558195376	0.0005558195376	0.002314788755	0	3
515	2461031.446	2461031.446	2461031.446	3.497029076e+32	0.001508026325	0.001508026325	0.002314788755	0	1
516	2461031.46	2461031.46	2461031.46	9.259557426e+31	0.0003993005506	0.0003993005506	0.002314788755	0	3
517	2461031.518	2461031.518	2461031.518	1.125804198e+32	0.0004854813417	0.0004854813417	0.002314788755	0	3
518	2461031.546	2461031.544	2461031.546	2.149511146e+32	0.000474709615	0.0009269352136	0.004629562609	0	2
519	2461031.807	2461031.807	2461031.819	2.025628881e+33	0.003353705025	0.008735133767	0.01388866641	0.004629550967	0
520	2461031.884	2461031.884	2461031.884	1.068841891e+32	0.0004609174455	0.0004609174455	0.002314788755	0	3
521	2461031.976	2461031.972	2461031.976	4.314122056e+32	0.0007876436758	0.001860381909	0.006944342051	0	2
522	2461032.023	2461032.023	2461032.025	3.447687033e+32	0.0008138338035	0.001486748521	0.004629565869	0.002314777113	2
523	2461032.044	2461032.044	2461032.046	2.161177135e+32	0.0005020463066	0.0009319659464	0.004629566334	0.002314777579	2
524	2461032.099	2461032.099	2461032.099	1.000430543e+32	0.0004314163716	0.0004314163716	0.002314788755	0	3
525	2461032.127	2461032.127	2461032.127	1.536016681e+32	0.0006623775609	0.0006623775609	0.002314788755	0	3
526	2461032.132	2461032.132	2461032.132	1.081543393e+32	0.0004663947234	0.0004663947234	0.002314788755	0	3
527	2461032.182	2461032.18	2461032.187	1.41884565e+33	0.00272601117	0.006118498142	0.009259123355	0.002314778045	0
528	2461032.294	2461032.291	2461032.3	1.160614844e+33	0.001792402298	0.005004927612	0.01157390466	0.004629557952	0
529	2461032.368	2461032.365	2461032.37	6.678767977e+32	0.001316980347	0.002880089844	0.006944347639	0	1
530	2461032.384	2461032.384	2461032.384	1.754098061e+32	0.0007564209491	0.0007564209491	0.002314788755	0	3
531	2461032.657	2461032.657	2461032.657	1.167075499e+32	0.000503278794	0.000503278794	0.002314788755	0	3
532	2461032.71	2461032.71	2461032.71	9.487957463e+31	0.0004091498615	0.0004091498615	0.002314788755	0	3
533	2461033.166	2461033.166	2461033.166	1.262986553e+32	0.0005446385857	0.0005446385857	0.002314788755	0	3
534	2461033.238	2461033.238	2461033.238	1.083445032e+32	0.0004672147683	0.0004672147683	0.002314788755	0	3
535	2461033.333	2461033.333	2461033.333	1.042863275e+32	0.0004497146686	0.0004497146686	0.002314788755	0	3
536	2461033.458	2461033.458	2461033.46	3.485520905e+32	0.001015792163	0.001503063648	0.004629573785	0.00231478503	2
537	2461033.509	2461033.509	2461033.511	2.290737506e+32	0.0005761452894	0.000987836357	0.004629573785	0.00231478503	2
538	2461033.601	2461033.601	2461033.601	5.40324724e+32	0.002330046134	0.002330046134	0.002314788755	0	1
539	2461033.689	2461033.689	2461033.694	3.611650706e+32	0.0005260598816	0.001557454691	0.006944359746	0.004629570991	2
540	2461033.766	2461033.766	2461033.766	1.937374287e+32	0.0008354552857	0.0008354552857	0.002314788755	0	3
541	2461033.833	2461033.833	2461033.833	9.452927852e+31	0.0004076392772	0.0004076392772	0.002314788755	0	3
542	2461033.854	2461033.854	2461033.854	9.597485978e+31	0.0004138730674	0.0004138730674	0.002314788755	0	3
543	2461033.993	2461033.993	2461033.993	1.159739104e+32	0.0005001151151	0.0005001151151	0.002314788755	0	3
544	2461034.113	2461034.113	2461034.113	9.850021337e+31	0.0004247631676	0.0004247631676	0.002314788755	0	3
545	2461034.118	2461034.118	2461034.118	9.65153235e+31	0.000416203713	0.000416203713	0.002314788755	0	3
546	2461034.37	2461034.37	2461034.372	4.197638218e+32	0.001068165961	0.001810150501	0.004629575647	0.002314786892	2
547	2461034.377	2461034.377	2461034.377	1.133235053e+32	0.0004886857546	0.0004886857546	0.002314788755	0	3
548	2461034.398	2461034.398	2461034.398	1.443379588e+32	0.0006224296019	0.0006224296019	0.002314788755	0	3
549	2461034.421	2461034.416	2461034.432	4.307757365e+33	0.004291909632	0.01857637259	0.01851829421	0.006944359746	0
550	2461034.523	2461034.523	2461034.523	1.000549637e+32	0.0004314677287	0.0004314677287	0.002314788755	0	3
551	2461034.576	2461034.576	2461034.576	1.156613541e+32	0.0004987672762	0.0004987672762	0.002314788755	0	3
552	2461034.726	2461034.726	2461034.729	3.192486044e+32	0.0007951698413	0.001376698018	0.004629575182	0.002314786427	2
553	2461034.824	2461034.821	2461034.84	4.852262925e+33	0.007426424621	0.02092444777	0.0208330825	0.002314786892	0
554	2461034.877	2461034.877	2461034.877	1.291867768e+32	0.0005570930523	0.0005570930523	0.002314788755	0	3
555	2461035.046	2461035.046	2461035.046	9.556625236e+31	0.0004121110268	0.0004121110268	0.002314788755	0	3
556	2461035.062	2461035.062	2461035.062	9.48169847e+31	0.0004088799545	0.0004088799545	0.002314788755	0	3
557	2461035.136	2461035.136	2461035.136	1.182301654e+32	0.0005098447796	0.0005098447796	0.002314788755	0	3
558	2461035.164	2461035.162	2461035.166	7.031371028e+32	0.001702608852	0.003032143107	0.00694436254	0.002314786892	1
559	2461035.544	2461035.544	2461035.544	1.467841231e+32	0.0006329782134	0.0006329782134	0.002314788755	0	3
560	2461035.62	2461035.62	2461035.62	1.245181338e+32	0.0005369604301	0.0005369604301	0.002314788755	0	3
561	2461035.687	2461035.685	2461035.687	2.902357886e+32	0.0006842269933	0.001251585846	0.004629575182	0	2
562	2461035.902	2461035.902	2461035.905	2.999165682e+32	0.000758825518	0.001293332341	0.004629575647	0.002314786892	2
563	2461035.928	2461035.928	2461035.928	1.285835831e+32	0.0005544918958	0.0005544918958	0.002314788755	0	3
564	2461035.965	2461035.965	2461035.965	1.262444941e+32	0.0005444050259	0.0005444050259	0.002314788755	0	3
565	2461036.009	2461036.009	2461036.009	1.139543777e+32	0.0004914062697	0.0004914062697	0.002314788755	0	3
566	2461036.039	2461036.039	2461036.039	9.561693451e+31	0.0004123295838	0.0004123295838	0.002314788755	0	3
567	2461036.046	2461036.046	2461036.046	9.944510972e+31	0.0004288378509	0.0004288378509	0.002314788755	0	3
568	2461036.081	2461036.081	2461036.083	1.925908212e+32	0.0004318885262	0.0008305107621	0.004629575647	0.002314786892	2
569	2461036.212	2461036.212	2461036.215	2.580218241e+32	0.0007096478668	0.001112669339	0.004629575182	0.002314786427	2
570	2461036.236	2461036.236	2461036.243	7.96903011e+32	0.00142632785	0.003436490497	0.009259148035	0.00694435928	1
571	2461036.351	2461036.351	2461036.351	9.443784393e+31	0.0004072449831	0.0004072449831	0.002314788755	0	3
572	2461036.405	2461036.405	2461036.405	1.12843098e+32	0.0004866140905	0.0004866140905	0.002314788755	0	3
573	2461036.432	2461036.432	2461036.432	1.03451837e+32	0.0004461160891	0.0004461160891	0.002314788755	0	3
574	2461036.511	2461036.511	2461036.511	1.681038833e+32	0.0007249155661	0.0007249155661	0.002314788755	0	3
575	2461036.553	2461036.553	2461036.553	1.277223773e+32	0.0005507781118	0.0005507781118	0.002314788755	0	3
576	2461036.597	2461036.597	2461036.597	1.128988595e+32	0.0004868545512	0.0004868545512	0.002314788755	0	3
577	2461036.615	2461036.615	2461036.618	2.361424773e+32	0.000603282589	0.001018318877	0.004629574716	0.002314785961	2
578	2461036.645	2461036.645	2461036.645	1.056343662e+32	0.0004555278254	0.0004555278254	0.002314788755	0	3
579	2461036.787	2461036.787	2461036.787	1.358983792e+32	0.0005860355428	0.0005860355428	0.002314788755	0	3
580	2461036.803	2461036.803	2461036.803	1.207354846e+32	0.0005206484851	0.0005206484851	0.002314788755	0	3
581	2461036.847	2461036.847	2461036.847	1.531034194e+32	0.0006602289597	0.0006602289597	0.002314788755	0	3
582	2461036.87	2461036.87	2461036.87	1.168858892e+32	0.0005040478477	0.0005040478477	0.002314788755	0	3
583	2461036.914	2461036.914	2461036.914	1.003690015e+32	0.000432821956	0.000432821956	0.002314788755	0	3
584	2461036.942	2461036.942	2461036.942	1.241376033e+32	0.000535319466	0.000535319466	0.002314788755	0	3
585	2461037.027	2461037.027	2461037.027	9.745756337e+31	0.0004202669406	0.0004202669406	0.002314788755	0	3
586	2461037.041	2461037.041	2461037.041	1.034447387e+32	0.0004460854793	0.0004460854793	0.002314788755	0	3
587	2461037.053	2461037.053	2461037.053	1.152919788e+32	0.0004971744166	0.0004971744166	0.002314788755	0	3
588	2461037.067	2461037.067	2461037.067	9.729856012e+31	0.0004195812698	0.0004195812698	0.002314788755	0	3
589	2461037.145	2461037.145	2461037.145	1.058421517e+32	0.0004564238603	0.0004564238603	0.002314788755	0	3
590	2461037.152	2461037.15	2461037.152	2.44604974e+32	0.0006400786633	0.001054811762	0.00462957425	0	2
591	2461037.187	2461037.187	2461037.187	1.410316147e+32	0.0006081716309	0.0006081716309	0.002314788755	0	3
592	2461037.229	2461037.229	2461037.229	9.905528186e+31	0.0004271567934	0.0004271567934	0.002314788755	0	3
593	2461037.275	2461037.275	2461037.277	2.26283539e+32	0.0005293175983	0.0009758041077	0.004629574716	0.002314785961	2
594	2461037.296	2461037.293	2461037.3	1.366688951e+33	0.002442217601	0.005893582442	0.009259145707	0	0
595	2461037.314	2461037.314	2461037.314	1.231104153e+32	0.0005308899157	0.0005308899157	0.002314788755	0	3
596	2461037.34	2461037.333	2461037.342	9.851160176e+32	0.001314323933	0.004248122778	0.01157393167	0	0
597	2461037.379	2461037.379	2461037.381	2.578425172e+32	0.0006478182081	0.001111896113	0.00462957425	0.002314785495	2
598	2461037.4	2461037.4	2461037.4	1.030441312e+32	0.0004443579368	0.0004443579368	0.002314788755	0	3
599	2461037.446	2461037.446	2461037.449	4.414136558e+32	0.001376498412	0.001903511234	0.00462957425	0.002314785495	1
600	2461037.462	2461037.462	2461037.462	1.108360025e+32	0.0004779588784	0.0004779588784	0.002314788755	0	3
601	2461037.49	2461037.49	2461037.49	3.117884585e+32	0.001344527577	0.001344527577	0.002314788755	0	1
602	2461037.56	2461037.56	2461037.56	2.056826278e+32	0.0008869666524	0.0008869666524	0.002314788755	0	3
603	2461037.578	2461037.578	2461037.578	1.844835862e+32	0.0007955498752	0.0007955498752	0.002314788755	0	3
604	2461037.585	2461037.585	2461037.585	9.370050454e+31	0.0004040653492	0.0004040653492	0.002314788755	0	3
605	2461037.657	2461037.657	2461037.657	1.05101622e+32	0.0004532304686	0.0004532304686	0.002314788755	0	3
606	2461037.662	2461037.662	2461037.662	1.199701709e+32	0.0005173482176	0.0005173482176	0.002314788755	0	3
607	2461037.715	2461037.715	2461037.715	1.025193695e+32	0.0004420950031	0.0004420950031	0.002314788755	0	3
608	2461037.752	2461037.752	2461037.752	1.295872712e+32	0.0005588201072	0.0005588201072	0.002314788755	0	3
609	2461037.761	2461037.761	2461037.761	9.927896333e+31	0.0004281213766	0.0004281213766	0.002314788755	0	3
610	2461037.789	2461037.789	2461037.789	1.008752005e+32	0.0004350048413	0.0004350048413	0.002314788755	0	3
611	2461037.824	2461037.824	2461037.824	1.107926983e+32	0.0004777721373	0.0004777721373	0.002314788755	0	3
612	2461037.856	2461037.856	2461037.856	1.186720373e+32	0.0005117502669	0.0005117502669	0.002314788755	0	3
613	2461037.886	2461037.886	2461037.886	1.116164841e+32	0.0004813245546	0.0004813245546	0.002314788755	0	3
614	2461037.935	2461037.935	2461037.935	1.07117898e+32	0.0004619252702	0.0004619252702	0.002314788755	0	3
615	2461037.944	2461037.944	2461037.944	1.157950329e+32	0.0004993437404	0.0004993437404	0.002314788755	0	3
616	2461038.062	2461038.062	2461038.062	1.160033006e+32	0.0005002418547	0.0005002418547	0.002314788755	0	3
617	2461038.097	2461038.094	2461038.097	2.133987326e+32	0.0004749917695	0.0009202408657	0.004629573785	0	2
618	2461038.122	2461038.122	2461038.122	1.041668454e+32	0.000449199425	0.000449199425	0.002314788755	0	3
619	2461038.129	2461038.129	2461038.129	1.030517487e+32	0.0004443907854	0.0004443907854	0.002314788755	0	3
620	2461038.157	2461038.157	2461038.157	1.00180309e+32	0.0004320082558	0.0004320082558	0.002314788755	0	3
621	2461038.196	2461038.196	2461038.196	9.852920092e+31	0.0004248881708	0.0004248881708	0.002314788755	0	3
622	2461038.229	2461038.229	2461038.229	1.235156658e+32	0.0005326374803	0.0005326374803	0.002314788755	0	3
623	2461038.266	2461038.266	2461038.266	9.425231454e+31	0.0004064449234	0.0004064449234	0.002314788755	0	3
624	2461038.273	2461038.273	2461038.275	2.834435975e+32	0.0006204934666	0.001222295833	0.004629573319	0.002314784564	2
625	2461038.319	2461038.319	2461038.319	1.037621044e+32	0.0004474540577	0.0004474540577	0.002314788755	0	3
626	2461038.398	2461038.398	2461038.398	9.421440382e+31	0.0004062814408	0.0004062814408	0.002314788755	0	3
627	2461038.462	2461038.462	2461038.462	1.317708285e+32	0.0005682362768	0.0005682362768	0.002314788755	0	3
628	2461038.474	2461038.474	2461038.474	1.236384045e+32	0.0005331667674	0.0005331667674	0.002314788755	0	3
629	2461038.506	2461038.506	2461038.506	1.07574118e+32	0.0004638926309	0.0004638926309	0.002314788755	0	3
630	2461038.513	2461038.513	2461038.513	1.381752367e+32	0.0005958540516	0.0005958540516	0.002314788755	0	3
631	2461038.537	2461038.534	2461038.562	2.530567332e+34	0.02283431915	0.1091258343	0.03009220166	0.006944353227	0
632	2461038.583	2461038.583	2461038.583	1.892213363e+32	0.0008159805083	0.0008159805083	0.002314788755	0	3
633	2461038.599	2461038.599	2461038.599	9.719392047e+31	0.0004191300315	0.0004191300315	0.002314788755	0	3
634	2461038.863	2461038.863	2461038.863	1.300444832e+32	0.0005607917458	0.0005607917458	0.002314788755	0	3
635	2461038.93	2461038.93	2461038.935	8.91574191e+32	0.001705247256	0.003844741697	0.006944356486	0.004629567731	0
636	2461038.962	2461038.962	2461038.962	1.167189537e+32	0.0005033279705	0.0005033279705	0.002314788755	0	3
637	2461038.969	2461038.969	2461038.969	1.116029359e+32	0.0004812661309	0.0004812661309	0.002314788755	0	3
638	2461038.997	2461038.997	2461038.997	1.927951811e+32	0.0008313920245	0.0008313920245	0.002314788755	0	3
639	2461039.05	2461039.048	2461039.067	5.604545803e+33	0.01060975106	0.02416852255	0.02083305921	0	0
640	2461039.111	2461039.111	2461039.111	1.130466116e+32	0.0004874917038	0.0004874917038	0.002314788755	0	3
641	2461039.122	2461039.118	2461039.136	4.952982652e+33	0.006637185504	0.02135878216	0.02083305828	0.004629567266	0
642	2461039.21	2461039.21	2461039.21	1.253864172e+32	0.0005407047346	0.0005407047346	0.002314788755	0	3
643	2461039.243	2461039.243	2461039.243	9.64004158e+31	0.0004157081957	0.0004157081957	0.002314788755	0	3
644	2461039.414	2461039.414	2461039.414	9.329502432e+31	0.000402316794	0.000402316794	0.002314788755	0	3
645	2461039.455	2461039.453	2461039.46	2.03488368e+33	0.003249554767	0.008775043303	0.009259138256	0.002314783167	0
646	2461039.516	2461039.513	2461039.516	2.160271213e+32	0.0004814771366	0.0009315752848	0.004629571922	0	2
647	2461039.543	2461039.541	2461039.564	9.085635459e+33	0.008451860103	0.03918005013	0.02546261996	0.002314783167	0
648	2461039.789	2461039.789	2461039.789	1.444187986e+32	0.0006227782079	0.0006227782079	0.002314788755	0	3
649	2461039.814	2461039.814	2461039.814	9.490385602e+31	0.0004092545703	0.0004092545703	0.002314788755	0	3
650	2461039.9	2461039.9	2461039.9	1.081412234e+32	0.0004663381633	0.0004663381633	0.002314788755	0	3
651	2461039.949	2461039.946	2461039.951	4.77692985e+32	0.0008344571203	0.002059958842	0.006944353692	0.002314782701	2
652	2461039.986	2461039.986	2461039.986	9.771444843e+31	0.0004213747079	0.0004213747079	0.002314788755	0	3
653	2461040.159	2461040.157	2461040.168	1.495972268e+33	0.001863381702	0.006451091804	0.01388869993	0.002314782236	0
654	2461040.201	2461040.201	2461040.201	1.264618239e+32	0.0005453422188	0.0005453422188	0.002314788755	0	3
655	2461040.335	2461040.335	2461040.335	1.490995071e+32	0.0006429628601	0.0006429628601	0.002314788755	0	3
656	2461040.368	2461040.368	2461040.368	2.084323755e+32	0.0008988244087	0.0008988244087	0.002314788755	0	3
657	2461040.439	2461040.439	2461040.439	2.119284121e+32	0.0009139003921	0.0009139003921	0.002314788755	0	3
658	2461040.469	2461040.469	2461040.469	1.79307011e+32	0.0007732268931	0.0007732268931	0.002314788755	0	3
659	2461040.627	2461040.624	2461040.631	1.609255952e+33	0.003380103817	0.006939605839	0.0092591336	0.002314781304	0
660	2461040.923	2461040.921	2461040.932	2.421976815e+33	0.00260781729	0.01044430777	0.01388869341	0.006944342982	0
661	2461041.087	2461041.085	2461041.087	5.494489113e+32	0.001239074738	0.002369392431	0.004629569594	0	1
662	2461041.136	2461041.134	2461041.136	3.127577856e+32	0.0009436215639	0.001348707613	0.004629569128	0	2
663	2461041.171	2461041.171	2461041.171	1.856704778e+32	0.0008006681163	0.0008006681163	0.002314788755	0	3
664	2461041.219	2461041.217	2461041.219	2.107912654e+32	0.0004901848512	0.0009089966663	0.004629569128	0	2
665	2461041.289	2461041.289	2461041.289	9.252512118e+31	0.0003989967353	0.0003989967353	0.002314788755	0	3
666	2461041.312	2461041.312	2461041.312	1.047159066e+32	0.0004515671456	0.0004515671456	0.002314788755	0	3
667	2461041.365	2461041.365	2461041.365	1.077312977e+32	0.0004645704379	0.0004645704379	0.002314788755	0	3
668	2461041.437	2461041.437	2461041.439	9.225182377e+32	0.002679319607	0.003978181929	0.004629569128	0.002314780373	0
669	2461041.444	2461041.444	2461041.444	2.229230482e+32	0.0009613126394	0.0009613126394	0.002314788755	0	3
670	2461041.455	2461041.455	2461041.455	9.413858436e+31	0.000405954484	0.000405954484	0.002314788755	0	3
671	2461041.495	2461041.495	2461041.495	9.416377127e+31	0.0004060630976	0.0004060630976	0.002314788755	0	3
672	2461041.541	2461041.541	2461041.546	9.36381691e+32	0.002007925641	0.004037965397	0.00694434857	0.002314779907	0
673	2461041.664	2461041.661	2461041.664	3.192185013e+32	0.0007030959336	0.001376568204	0.004629568662	0	2
674	2461041.738	2461041.738	2461041.738	1.37298731e+32	0.0005920742901	0.0005920742901	0.002314788755	0	3
675	2461041.768	2461041.768	2461041.768	1.501240656e+32	0.0006473810711	0.0006473810711	0.002314788755	0	3
676	2461041.849	2461041.849	2461041.849	1.263194764e+32	0.0005447283724	0.0005447283724	0.002314788755	0	3
677	2461041.914	2461041.914	2461041.914	1.972505743e+32	0.0008506050482	0.0008506050482	0.002314788755	0	3
678	2461041.946	2461041.946	2461041.946	9.946326008e+31	0.0004289161207	0.0004289161207	0.002314788755	0	3
679	2461042.025	2461042.025	2461042.025	1.004232919e+32	0.0004330560726	0.0004330560726	0.002314788755	0	3
680	2461042.069	2461042.069	2461042.069	9.234138606e+31	0.000398204413	0.000398204413	0.002314788755	0	3
681	2461042.131	2461042.131	2461042.131	9.960985255e+31	0.0004295482725	0.0004295482725	0.002314788755	0	3
682	2461042.159	2461042.159	2461042.159	1.03983482e+32	0.0004484087058	0.0004484087058	0.002314788755	0	3
683	2461042.208	2461042.208	2461042.208	1.021607041e+32	0.0004405483277	0.0004405483277	0.002314788755	0	3
684	2461042.446	2461042.446	2461042.446	1.169061818e+32	0.0005041353554	0.0005041353554	0.002314788755	0	3
685	2461042.52	2461042.52	2461042.523	3.54804134e+32	0.0007896571319	0.001530024379	0.004629566334	0.002314777579	2
686	2461042.608	2461042.606	2461042.608	3.369345471e+32	0.0008982115784	0.001452965233	0.004629566334	0	2
687	2461042.685	2461042.682	2461042.689	8.723290562e+32	0.001350461945	0.003761750766	0.009259120561	0.004629554227	1
688	2461042.891	2461042.891	2461042.891	1.041211412e+32	0.0004490023345	0.0004490023345	0.002314788755	0	3
689	2461042.914	2461042.914	2461042.914	1.207780835e+32	0.0005208321849	0.0005208321849	0.002314788755	0	3
690	2461043.011	2461043.011	2461043.011	1.115015015e+32	0.0004808287145	0.0004808287145	0.002314788755	0	3
691	2461043.069	2461043.069	2461043.069	1.014349194e+32	0.0004374185214	0.0004374185214	0.002314788755	0	3
692	2461043.087	2461043.087	2461043.09	2.199807172e+32	0.0005046591551	0.0009486244044	0.004629564937	0.002314776182	2
693	2461043.122	2461043.122	2461043.122	2.441944973e+32	0.00105304166	0.00105304166	0.002314788755	0	3
694	2461043.27	2461043.27	2461043.27	9.666651553e+31	0.0004168556994	0.0004168556994	0.002314788755	0	3
695	2461043.326	2461043.326	2461043.328	2.995972189e+32	0.0008132044337	0.001291955209	0.004629564472	0.002314775717	2
696	2461043.384	2461043.384	2461043.388	8.449423162e+32	0.001599921923	0.003643650733	0.006944339257	0.002314775251	0
697	2461043.634	2461043.634	2461043.634	9.567710823e+31	0.0004125890713	0.0004125890713	0.002314788755	0	3
698	2461043.752	2461043.752	2461043.752	1.023378585e+32	0.0004413122718	0.0004413122718	0.002314788755	0	3
699	2461043.784	2461043.78	2461043.786	1.104861366e+33	0.001836595276	0.004764501494	0.009259110782	0	0
700	2461043.812	2461043.812	2461043.812	1.161071104e+32	0.0005006895142	0.0005006895142	0.002314788755	0	3
701	2461043.821	2461043.821	2461043.821	9.233066603e+31	0.0003981581849	0.0003981581849	0.002314788755	0	3
702	2461043.844	2461043.844	2461043.844	9.706075767e+31	0.0004185557926	0.0004185557926	0.002314788755	0	3
703	2461043.872	2461043.872	2461043.877	3.033662255e+32	0.0004798749935	0.001308208323	0.006944335997	0.004629547242	2
704	2461043.928	2461043.928	2461043.928	2.277089595e+32	0.0009819509585	0.0009819509585	0.002314788755	0	3
705	2461043.99	2461043.99	2461043.99	1.180124325e+32	0.0005089058484	0.0005089058484	0.002314788755	0	3
706	2461044.041	2461044.041	2461044.041	9.466538836e+31	0.0004082262246	0.0004082262246	0.002314788755	0	3
707	2461044.064	2461044.064	2461044.064	1.157312103e+32	0.0004990685176	0.0004990685176	0.002314788755	0	3
708	2461044.085	2461044.083	2461044.087	4.714839666e+32	0.0008977378502	0.002033183648	0.0069443346	0.002314772923	2
709	2461044.117	2461044.115	2461044.117	4.917916461e+32	0.001396777266	0.002120756598	0.004629561678	0	1
710	2461044.124	2461044.124	2461044.124	1.24570721e+32	0.0005371872025	0.0005371872025	0.002314788755	0	3
711	2461044.148	2461044.148	2461044.148	9.943922907e+31	0.0004288124917	0.0004288124917	0.002314788755	0	3
712	2461044.152	2461044.152	2461044.152	1.035316181e+32	0.0004464601299	0.0004464601299	0.002314788755	0	3
713	2461044.171	2461044.168	2461044.171	2.923043729e+32	0.0006418567033	0.001260506217	0.004629561678	0	2
714	2461044.201	2461044.201	2461044.201	9.876251376e+31	0.0004258942874	0.0004258942874	0.002314788755	0	3
715	2461044.222	2461044.222	2461044.222	1.638749175e+32	0.0007066789671	0.0007066789671	0.002314788755	0	3
716	2461044.238	2461044.236	2461044.254	8.515682139e+33	0.009323805259	0.03672223639	0.02083296748	0.004629544448	0
717	2461044.3	2461044.3	2461044.3	1.033787369e+32	0.0004458008591	0.0004458008591	0.002314788755	0	3
718	2461044.379	2461044.379	2461044.379	2.096971622e+32	0.0009042785574	0.0009042785574	0.002314788755	0	3
719	2461044.469	2461044.469	2461044.469	1.107785507e+32	0.0004777111287	0.0004777111287	0.002314788755	0	3
720	2461044.532	2461044.532	2461044.532	1.188104066e+32	0.0005123469575	0.0005123469575	0.002314788755	0	3
721	2461044.65	2461044.65	2461044.65	1.004819437e+32	0.0004333089973	0.0004333089973	0.002314788755	0	3
722	2461044.68	2461044.68	2461044.68	1.314117858e+32	0.0005666879743	0.0005666879743	0.002314788755	0	3
723	2461044.696	2461044.696	2461044.696	1.377639875e+32	0.0005940806188	0.0005940806188	0.002314788755	0	3
724	2461044.749	2461044.749	2461044.749	9.363511569e+31	0.0004037833724	0.0004037833724	0.002314788755	0	3
725	2461044.784	2461044.784	2461044.784	9.32145326e+31	0.000401969689	0.000401969689	0.002314788755	0	3
726	2461044.849	2461044.849	2461044.849	9.700135708e+31	0.000418299639	0.000418299639	0.002314788755	0	3
727	2461044.893	2461044.893	2461044.893	1.236469126e+32	0.0005332034568	0.0005332034568	0.002314788755	0	3
728	2461044.969	2461044.969	2461044.969	9.432843556e+31	0.0004067731806	0.0004067731806	0.002314788755	0	3
729	2461045.011	2461045.011	2461045.013	2.750470122e+32	0.0006269621198	0.001186087178	0.004629558418	0.002314769663	2
730	2461045.039	2461045.039	2461045.039	1.134174538e+32	0.0004890908891	0.0004890908891	0.002314788755	0	3
731	2461045.06	2461045.06	2461045.06	1.2231678e+32	0.0005274675167	0.0005274675167	0.002314788755	0	3
732	2461045.083	2461045.08	2461045.083	2.673429442e+32	0.000731154372	0.001152864872	0.004629558418	0	2
733	2461045.117	2461045.117	2461045.117	2.370018866e+32	0.001022024914	0.001022024914	0.002314788755	0	3
734	2461045.134	2461045.134	2461045.134	1.092240244e+32	0.0004710075339	0.0004710075339	0.002314788755	0	3
735	2461045.159	2461045.159	2461045.159	1.341571554e+32	0.0005785268513	0.0005785268513	0.002314788755	0	3
736	2461045.205	2461045.205	2461045.205	1.524767546e+32	0.0006575265884	0.0006575265884	0.002314788755	0	3
737	2461045.215	2461045.215	2461045.219	1.175171963e+33	0.002175641005	0.005067702378	0.00694432715	0.004629538395	0
738	2461045.245	2461045.245	2461045.245	1.087269017e+32	0.0004688637882	0.0004688637882	0.002314788755	0	3
739	2461045.367	2461045.367	2461045.367	1.003684868e+32	0.0004328197365	0.0004328197365	0.002314788755	0	3
740	2461045.384	2461045.384	2461045.384	1.02486141e+32	0.0004419517118	0.0004419517118	0.002314788755	0	3
741	2461045.393	2461045.393	2461045.393	1.203281954e+32	0.0005188921291	0.0005188921291	0.002314788755	0	3
742	2461045.421	2461045.421	2461045.421	1.612703717e+32	0.0006954473659	0.0006954473659	0.002314788755	0	3
743	2461045.543	2461045.543	2461045.543	9.868058172e+31	0.0004255409713	0.0004255409713	0.002314788755	0	3
744	2461045.569	2461045.569	2461045.569	1.185980719e+32	0.0005114313051	0.0005114313051	0.002314788755	0	3
745	2461045.601	2461045.601	2461045.601	1.079781674e+32	0.0004656350161	0.0004656350161	0.002314788755	0	3
746	2461045.687	2461045.685	2461045.687	3.421576521e+32	0.001009603788	0.001475488866	0.004629557952	0	2
747	2461045.724	2461045.724	2461045.724	9.275644748e+31	0.0003999942853	0.0003999942853	0.002314788755	0	3
748	2461045.761	2461045.761	2461045.761	1.236642265e+32	0.0005332781198	0.0005332781198	0.002314788755	0	3
749	2461045.777	2461045.775	2461045.777	2.514213232e+32	0.0006750146383	0.001084205952	0.004629558418	0	2
750	2461045.81	2461045.81	2461045.81	1.093708833e+32	0.0004716408346	0.0004716408346	0.002314788755	0	3
